##FastQC	0.11.8
>>Basic Statistics	pass
#Measure	Value
Filename	RMNISTHS_30xdownsample
File type	Conventional base calls
Encoding	Sanger / Illumina 1.9
Total Sequences	10032290
Sequences flagged as poor quality	0
Sequence length	30-148
%GC	39
>>END_MODULE
>>Per base sequence quality	pass
#Base	Mean	Median	Lower Quartile	Upper Quartile	10th Percentile	90th Percentile
1	29.33059251676337	30.0	29.0	30.0	29.0	30.0
2	29.05909009807332	29.0	29.0	30.0	28.0	30.0
3	26.876017838399807	27.0	27.0	28.0	26.0	28.0
4	29.24546918001772	30.0	29.0	30.0	29.0	30.0
5	30.124744101296912	31.0	30.0	31.0	29.0	31.0
6	30.082379197571044	31.0	30.0	31.0	29.0	31.0
7	30.213255896709526	31.0	30.0	31.0	29.0	32.0
8	29.99546952889121	31.0	30.0	31.0	29.0	31.0
9	29.761361463833282	31.0	30.0	31.0	28.0	32.0
10-14	29.199778874015806	29.8	29.4	30.2	28.4	30.8
15-19	27.894780693141847	28.0	28.0	29.0	27.0	29.8
20-24	27.67977408946512	28.0	27.4	29.0	27.0	29.0
25-29	27.58637423758683	28.0	27.8	28.8	26.8	29.0
30-34	27.60725771733675	28.0	27.8	28.8	27.0	29.0
35-39	27.75746193549869	28.0	28.0	29.0	27.0	29.0
40-44	27.75821177319323	28.0	28.0	29.0	27.0	29.2
45-49	27.86369731177718	28.0	28.0	29.0	27.0	30.0
50-54	27.903427730136762	28.2	28.0	29.0	27.0	30.0
55-59	27.87954444955634	28.6	28.0	29.0	27.0	30.0
60-64	27.886963845343086	28.6	28.0	29.0	27.0	30.0
65-69	28.014113279748365	29.0	28.0	29.2	27.0	30.0
70-74	28.086578823603094	29.0	28.0	29.2	27.0	30.0
75-79	28.500207182614798	29.2	28.2	30.0	27.0	30.4
80-84	28.837943494082175	30.0	28.8	30.4	26.8	31.0
85-89	29.244664407577762	30.0	29.2	31.0	26.6	31.6
90-94	29.565413237968936	30.8	29.8	31.0	27.0	32.0
95-99	29.69769433858296	31.0	30.0	31.0	27.2	32.0
100-104	29.80150573556049	30.8	30.0	31.6	27.4	32.0
105-109	30.01490453176922	31.0	30.0	32.0	27.8	32.0
110-114	30.247926424976537	31.4	30.2	32.0	28.0	32.4
115-119	30.39881221509961	32.0	31.0	32.0	28.0	33.0
120-124	30.48113026486185	32.0	31.0	32.0	28.0	33.0
125-129	30.56540738720246	32.0	31.0	32.2	28.0	33.0
130-134	30.964058906681014	32.4	31.0	33.0	28.0	33.4
135-139	31.248891352193613	33.0	32.0	33.0	28.0	34.0
140-144	31.338552937239825	33.0	31.8	33.0	28.0	34.0
145-148	28.799839441092715	30.25	29.25	30.25	26.5	31.25
>>END_MODULE
>>Per tile sequence quality	pass
#Tile	Base	Mean
1101	1	0.0378903531362198
1101	2	0.019921428346965087
1101	3	0.009353857057217141
1101	4	0.015804090419131
1101	5	0.03372037713193876
1101	6	0.04364290448043917
1101	7	0.06058739070110519
1101	8	0.061302600703623256
1101	9	0.15358620716345683
1101	10-14	0.06975137968588996
1101	15-19	0.02533110242904968
1101	20-24	0.013948991397889188
1101	25-29	0.04039896937815257
1101	30-34	0.04331924913848084
1101	35-39	0.03533568845659474
1101	40-44	0.04016623152750043
1101	45-49	0.030514749136010266
1101	50-54	0.045147399674728916
1101	55-59	0.03915939885965258
1101	60-64	0.03782860898662932
1101	65-69	0.040618733549770525
1101	70-74	0.045197320379926964
1101	75-79	0.055279809260362356
1101	80-84	0.07445625199710904
1101	85-89	0.09371981932638818
1101	90-94	0.10910687245819872
1101	95-99	0.12438901519835355
1101	100-104	0.08204494880597935
1101	105-109	0.10675574277933819
1101	110-114	0.11170586326978338
1101	115-119	0.11483395300600918
1101	120-124	0.11015447305728898
1101	125-129	0.0965197062650347
1101	130-134	0.09899544616282796
1101	135-139	0.10774109642963481
1101	140-144	0.10936132180615488
1101	145-148	0.029206941626743088
1102	1	0.02149280613585347
1102	2	0.048069845061466054
1102	3	0.006659519538789738
1102	4	-0.007407464954166443
1102	5	0.040658470420865456
1102	6	0.0442633149758791
1102	7	0.07932156512077881
1102	8	0.05032963026688719
1102	9	0.1528953926801151
1102	10-14	0.06377901352343684
1102	15-19	0.01851215131682693
1102	20-24	0.012719914107695018
1102	25-29	0.02362152347313895
1102	30-34	0.03471314800678016
1102	35-39	0.012054384308573418
1102	40-44	0.022955187458187254
1102	45-49	0.03697039777432565
1102	50-54	0.01594963970882901
1102	55-59	0.04278168737053534
1102	60-64	0.023166073976526036
1102	65-69	0.03508169452245724
1102	70-74	0.04043916433367656
1102	75-79	0.06335326518398432
1102	80-84	0.08914456389118186
1102	85-89	0.10512105091567392
1102	90-94	0.10500900080579356
1102	95-99	0.12149989515186022
1102	100-104	0.11115046899073278
1102	105-109	0.1134445656076224
1102	110-114	0.12172529918469976
1102	115-119	0.08226260823312259
1102	120-124	0.09829932123042795
1102	125-129	0.12885685188245333
1102	130-134	0.11948572743765595
1102	135-139	0.09926093244693135
1102	140-144	0.06538327347322692
1102	145-148	0.028242365243219325
1103	1	0.047570262506472005
1103	2	0.020940559990499708
1103	3	0.006951092444523965
1103	4	0.001961817796281906
1103	5	0.04593403183675804
1103	6	0.05044964052385836
1103	7	0.02983932231124342
1103	8	0.014273781906183558
1103	9	0.09734142598811246
1103	10-14	0.047062576373971154
1103	15-19	0.020975435958540345
1103	20-24	0.02829126510464164
1103	25-29	0.03846308292451184
1103	30-34	0.03668897685086847
1103	35-39	0.04349849437459952
1103	40-44	0.048243080459734244
1103	45-49	0.06619640864589371
1103	50-54	0.07762980673913944
1103	55-59	0.06981428156092306
1103	60-64	0.05099258846594168
1103	65-69	0.06796010039104416
1103	70-74	0.06444945665580448
1103	75-79	0.07700865383292665
1103	80-84	0.10323549074675498
1103	85-89	0.10197474783370453
1103	90-94	0.08483980413242165
1103	95-99	0.0979161224805658
1103	100-104	0.0961087308889681
1103	105-109	0.08569332834293775
1103	110-114	0.08199185835367828
1103	115-119	0.09519850451417966
1103	120-124	0.1041510019074785
1103	125-129	0.07856493423338407
1103	130-134	0.10008126159514319
1103	135-139	0.12187940052904267
1103	140-144	0.10021249967724088
1103	145-148	0.031141042821911213
1104	1	0.012262852713938344
1104	2	0.02559604915253999
1104	3	-0.001246257435585818
1104	4	0.004916182949294523
1104	5	-0.011355427247927707
1104	6	0.04169013506250607
1104	7	0.02583553293157692
1104	8	0.02733202049063621
1104	9	0.08041138534918346
1104	10-14	0.05435607115231633
1104	15-19	0.03250356395204079
1104	20-24	0.0015780915646388394
1104	25-29	0.01821516975940085
1104	30-34	0.023923930208475497
1104	35-39	0.009454786740896282
1104	40-44	0.025021971856990177
1104	45-49	0.005274106806091083
1104	50-54	0.013725527032285356
1104	55-59	0.011753473173069295
1104	60-64	0.014023188337361603
1104	65-69	0.010683420979010094
1104	70-74	-0.008430791563849738
1104	75-79	0.02222967357804606
1104	80-84	0.04046832061006711
1104	85-89	0.04627220344058003
1104	90-94	0.03923584597939467
1104	95-99	0.04441462406683527
1104	100-104	0.06304988242002452
1104	105-109	0.06574775798013377
1104	110-114	0.03633400829203026
1104	115-119	0.044908158773662166
1104	120-124	0.052063087702624244
1104	125-129	0.05362900775431356
1104	130-134	0.044402643415971
1104	135-139	0.054364717599110435
1104	140-144	0.03319304889511088
1104	145-148	-0.024345959537004802
1105	1	0.0437735744992338
1105	2	0.03793221251271106
1105	3	0.041503446562053625
1105	4	0.029752900831319096
1105	5	0.04118251748912982
1105	6	0.011000825092654765
1105	7	0.030196355948696407
1105	8	-3.6059021789824897E-4
1105	9	0.057020934159318415
1105	10-14	0.025999525815031177
1105	15-19	0.011038795182034988
1105	20-24	4.6972521970189973E-4
1105	25-29	0.01441156750122019
1105	30-34	0.012698930601775515
1105	35-39	0.020120016992674294
1105	40-44	0.04046987629671861
1105	45-49	0.05793451590254506
1105	50-54	0.044211085124779004
1105	55-59	0.03710964809178208
1105	60-64	0.01745253790369361
1105	65-69	0.02473827771785153
1105	70-74	0.033176656723284736
1105	75-79	0.008049122336519332
1105	80-84	0.017718908798638466
1105	85-89	0.03263188749427215
1105	90-94	0.04281760659422318
1105	95-99	0.03283288623323699
1105	100-104	0.04676284530761876
1105	105-109	0.031807996801685334
1105	110-114	0.047086142460706526
1105	115-119	0.040264065309070673
1105	120-124	0.01936985185342266
1105	125-129	0.004342136116513018
1105	130-134	0.04387771303424515
1105	135-139	0.017789631248046334
1105	140-144	0.046656650989280735
1105	145-148	-0.016211341023595338
1106	1	0.019943367468805206
1106	2	0.012213759548529879
1106	3	0.017657076145738415
1106	4	0.048284604289516864
1106	5	0.036446255213842704
1106	6	0.0364676529862038
1106	7	0.04201090655471518
1106	8	0.046816873318839214
1106	9	0.10671098909505972
1106	10-14	0.011368777498475424
1106	15-19	0.003433198932246029
1106	20-24	0.0077449224381567205
1106	25-29	0.02256378448822005
1106	30-34	0.011510555444086634
1106	35-39	0.011688689505021443
1106	40-44	0.02392630984457611
1106	45-49	0.02662555814115919
1106	50-54	0.02166376336071707
1106	55-59	0.019890778329454406
1106	60-64	0.01951011954895776
1106	65-69	0.0317365232599478
1106	70-74	0.04804505047810892
1106	75-79	0.03051235690354659
1106	80-84	0.0572071804459533
1106	85-89	0.04421380641539585
1106	90-94	0.0399247114035397
1106	95-99	0.0700760702020169
1106	100-104	0.058368749372924356
1106	105-109	0.07458984611016461
1106	110-114	0.07722478651347231
1106	115-119	0.095633321116118
1106	120-124	0.08446944402902545
1106	125-129	0.09255693552513122
1106	130-134	0.09379129825823185
1106	135-139	0.08248367938315937
1106	140-144	0.10940798787703443
1106	145-148	0.037291795157699426
1107	1	0.005099217052443095
1107	2	-0.005634062384796579
1107	3	0.004065822043244793
1107	4	-0.013763054263883134
1107	5	-0.018994552018536837
1107	6	-0.011389585162621785
1107	7	-0.0014026466603951349
1107	8	0.040020288709541774
1107	9	0.0411511102029003
1107	10-14	-8.577511890877076E-4
1107	15-19	-0.0036210679686590197
1107	20-24	-0.01714774641873973
1107	25-29	0.007750274219592512
1107	30-34	-0.03278843690708655
1107	35-39	-0.023803797291716222
1107	40-44	0.00410948957375723
1107	45-49	-0.009896187905145126
1107	50-54	-0.015387597091887528
1107	55-59	-0.004655090443826282
1107	60-64	-0.0063515870393615614
1107	65-69	0.0027055445158836733
1107	70-74	-0.0111710937969427
1107	75-79	0.0029945103933251005
1107	80-84	-2.506949898659627E-4
1107	85-89	-0.006058169338150066
1107	90-94	-0.007178347507796445
1107	95-99	0.009227675939957436
1107	100-104	0.0055040699858395215
1107	105-109	-0.006432770018481193
1107	110-114	0.03722448604470685
1107	115-119	-0.007892910735961323
1107	120-124	0.004195896464409543
1107	125-129	0.03487581860200706
1107	130-134	0.020138954057667746
1107	135-139	0.04126996244060521
1107	140-144	0.005617744481536846
1107	145-148	0.01428810548455317
1108	1	0.03476228860847996
1108	2	0.04005594809219204
1108	3	0.023937803337375385
1108	4	0.005018260395846852
1108	5	0.014718599627425277
1108	6	-0.004943257929252098
1108	7	-0.0062943155975609955
1108	8	-0.013742514934332206
1108	9	-0.09794653358031624
1108	10-14	-0.01263740146378467
1108	15-19	-0.0047980598169736766
1108	20-24	-0.011990816481048938
1108	25-29	0.02107992718550733
1108	30-34	-0.0029749290120761884
1108	35-39	0.005351292023803467
1108	40-44	-0.008324136991745945
1108	45-49	-0.0022312923895526637
1108	50-54	0.004265913775782337
1108	55-59	0.003106267259283868
1108	60-64	0.0027467775219065516
1108	65-69	0.006246521392061055
1108	70-74	-0.004994052429335483
1108	75-79	-0.00918975797276289
1108	80-84	-0.006173004162032925
1108	85-89	0.01657110960634256
1108	90-94	0.013707837037223669
1108	95-99	0.0038036000477426057
1108	100-104	-0.0028346707982542796
1108	105-109	0.029529267862525188
1108	110-114	0.03083408963695433
1108	115-119	0.01292259465374812
1108	120-124	0.022833513205650746
1108	125-129	0.029062729096729356
1108	130-134	0.013728755624374145
1108	135-139	0.03230741793629477
1108	140-144	0.034455412737894875
1108	145-148	-0.020080653639684698
1109	1	0.014686227580885003
1109	2	0.04201263944471734
1109	3	0.03503602486767221
1109	4	0.03781558557444242
1109	5	0.0558970057272532
1109	6	-0.0032777722436208023
1109	7	0.007276540632439321
1109	8	0.03799212549126452
1109	9	0.06352026653978626
1109	10-14	0.028847134737869595
1109	15-19	0.025077583860699804
1109	20-24	0.03463145273039814
1109	25-29	0.03269435960292455
1109	30-34	0.0352431895365477
1109	35-39	0.006818351376072229
1109	40-44	0.020024674587109104
1109	45-49	0.017655645591165836
1109	50-54	0.0286678303084571
1109	55-59	0.03313284995757115
1109	60-64	0.02668877225929478
1109	65-69	0.01991197904467157
1109	70-74	0.007521649835737776
1109	75-79	0.01964277120847413
1109	80-84	0.03195276751216625
1109	85-89	0.01979058632930375
1109	90-94	0.018123860787248702
1109	95-99	0.05323873185789907
1109	100-104	0.00921028947299618
1109	105-109	0.04644655973019951
1109	110-114	0.04264192031498837
1109	115-119	0.021837138131925116
1109	120-124	0.036435045654624076
1109	125-129	0.06395560436506997
1109	130-134	0.06268385741651272
1109	135-139	0.06370045529993718
1109	140-144	0.07903202637027107
1109	145-148	0.02934128262334923
1110	1	0.03033914820112571
1110	2	0.014254453458715233
1110	3	0.013667420818428866
1110	4	0.02313039703097175
1110	5	0.008197895525977827
1110	6	-0.01564023500704792
1110	7	0.018188889519613838
1110	8	0.011205068285615738
1110	9	0.04816233943997261
1110	10-14	0.014954704382446948
1110	15-19	0.02375838983335754
1110	20-24	0.005821499306275513
1110	25-29	0.01953936814721402
1110	30-34	0.011229565274568643
1110	35-39	-0.00942598513448445
1110	40-44	0.012975496600411418
1110	45-49	0.004535431421821556
1110	50-54	0.014415251656373584
1110	55-59	0.014090982569722854
1110	60-64	-0.011969200012046599
1110	65-69	-0.0028548618822057392
1110	70-74	-0.014079370931384005
1110	75-79	-0.005454036882280633
1110	80-84	0.018989807994277186
1110	85-89	0.0059871937566065014
1110	90-94	-0.005546259077547688
1110	95-99	-0.00828299075751815
1110	100-104	-0.0028423456892099352
1110	105-109	0.00809339751435445
1110	110-114	-0.018663053990831457
1110	115-119	-0.023155879505520005
1110	120-124	-0.011450428648377198
1110	125-129	-0.003735652619582197
1110	130-134	-0.032139157644536454
1110	135-139	-0.005136696736098401
1110	140-144	-0.023518183326135755
1110	145-148	-0.01261722139824073
1111	1	-0.009706083849387426
1111	2	-0.010846797461244506
1111	3	0.004311727844036994
1111	4	-0.010038225785596211
1111	5	-0.04165498886066743
1111	6	-0.03260644105947463
1111	7	-0.052451549461448366
1111	8	-0.06340545067756764
1111	9	-0.11254875720478807
1111	10-14	-0.031956409452241985
1111	15-19	-0.07307646621291752
1111	20-24	0.016896867667256288
1111	25-29	-0.02831627150675331
1111	30-34	-0.017033627261977102
1111	35-39	-0.006811115844730153
1111	40-44	-0.009778262560281803
1111	45-49	-0.012390829607596743
1111	50-54	-0.005737187289113876
1111	55-59	-0.02198222329773003
1111	60-64	-0.020753244841309026
1111	65-69	-0.023212539500040208
1111	70-74	-0.024418360398676953
1111	75-79	-0.0524072848525563
1111	80-84	-0.034677897593230256
1111	85-89	-0.04651942906497908
1111	90-94	-0.07833211479120905
1111	95-99	-0.07290005282917988
1111	100-104	-0.05143626100576526
1111	105-109	-0.05465759758128641
1111	110-114	-0.06979414458596978
1111	115-119	-0.04959882566200591
1111	120-124	-0.05943201961675726
1111	125-129	-0.05656450072302732
1111	130-134	-0.07408723500085301
1111	135-139	-0.08802147002659311
1111	140-144	-0.05447831203595754
1111	145-148	-0.03204696735048884
1112	1	0.019730740251016954
1112	2	0.021720502370218497
1112	3	0.01624581978501638
1112	4	-0.005916977384600841
1112	5	-0.010257562407975485
1112	6	-0.010193115003072961
1112	7	-0.035400542596509155
1112	8	-0.006565756967248149
1112	9	0.010909741210117119
1112	10-14	-0.02914943132033443
1112	15-19	0.0295698404826652
1112	20-24	0.032856189102211886
1112	25-29	-0.01666865244357041
1112	30-34	-0.03086179409988077
1112	35-39	0.0017461948402548444
1112	40-44	0.007815013867343623
1112	45-49	8.968447202555296E-4
1112	50-54	0.0053362098554785575
1112	55-59	-0.012736242301201628
1112	60-64	0.006376999340957923
1112	65-69	0.0048580982349015756
1112	70-74	-0.010961267998695234
1112	75-79	0.0018096824555300373
1112	80-84	-0.006615897674265625
1112	85-89	-0.016896509184974207
1112	90-94	-0.052514565837402216
1112	95-99	-0.05613056378168935
1112	100-104	-0.03806604911996203
1112	105-109	-0.06320702853988891
1112	110-114	-0.03551140021079391
1112	115-119	-0.06139088023100925
1112	120-124	-0.0820447322702087
1112	125-129	-0.06992058512651056
1112	130-134	-0.03273605420100978
1112	135-139	-0.04253009880947545
1112	140-144	-0.0520024653467992
1112	145-148	-0.03300526422384564
1113	1	-0.044593511593625124
1113	2	-0.026542217363822118
1113	3	0.015195441466470783
1113	4	-0.04537686664395579
1113	5	-0.21873696499812212
1113	6	-0.09315892172062945
1113	7	-0.058115474822081126
1113	8	-0.05979912096826112
1113	9	-0.21688044916200155
1113	10-14	-0.1371006693910246
1113	15-19	-0.05798232892269084
1113	20-24	-0.04372060829886948
1113	25-29	-0.1374505646357811
1113	30-34	-0.12578597699995697
1113	35-39	-0.0695307670219556
1113	40-44	-0.06171346073818995
1113	45-49	-0.04711522714779548
1113	50-54	-0.053660344265839655
1113	55-59	-0.07782586266499081
1113	60-64	-0.0959319834511092
1113	65-69	-0.07768716491907668
1113	70-74	-0.08590300421891683
1113	75-79	-0.10621284672748033
1113	80-84	-0.11842322201797728
1113	85-89	-0.1450340812611195
1113	90-94	-0.1561266171912905
1113	95-99	-0.1698410011034852
1113	100-104	-0.15280259551172648
1113	105-109	-0.14794408038231666
1113	110-114	-0.1420322887388039
1113	115-119	-0.15689094123649028
1113	120-124	-0.10814876877279289
1113	125-129	-0.13612093146782556
1113	130-134	-0.13645129818711865
1113	135-139	-0.15130991612642575
1113	140-144	-0.14028159693154407
1113	145-148	-0.08889191529729246
1114	1	9.677821115268159E-4
1114	2	-0.018397870361432922
1114	3	0.010978917548762013
1114	4	-0.01344681979775686
1114	5	-0.03799138896448895
1114	6	-0.027295338827411086
1114	7	-0.048475596757871386
1114	8	-0.045694580062868084
1114	9	-0.04607362518320102
1114	10-14	-0.05853110485491797
1114	15-19	-0.02068499640765964
1114	20-24	-0.013346420953840976
1114	25-29	-0.041137580698556775
1114	30-34	-0.04021079187823773
1114	35-39	-0.051438947613021924
1114	40-44	-0.028761446285393788
1114	45-49	-0.013942046633498961
1114	50-54	-0.05009323336171789
1114	55-59	-0.02564975801321978
1114	60-64	-0.041839722638339794
1114	65-69	-0.026235435284174713
1114	70-74	-0.045999151952777595
1114	75-79	-0.040052019483983514
1114	80-84	-0.07794261860984264
1114	85-89	-0.1036497172865758
1114	90-94	-0.11644011687094036
1114	95-99	-0.1179839092146544
1114	100-104	-0.12135715353572607
1114	105-109	-0.1332413838006552
1114	110-114	-0.11824313007461384
1114	115-119	-0.1312078382612505
1114	120-124	-0.12877622220446838
1114	125-129	-0.13047997462662053
1114	130-134	-0.10931782976867055
1114	135-139	-0.09928385994771105
1114	140-144	-0.11500556018657804
1114	145-148	-0.06066365656456796
1115	1	-0.01203537021388712
1115	2	0.013478795444939351
1115	3	-9.579344953785096E-4
1115	4	-0.007177710814403326
1115	5	-0.018902231993315866
1115	6	-0.03678273885956074
1115	7	-0.07101276947309643
1115	8	-0.060187202645863636
1115	9	-0.2762899196062314
1115	10-14	-0.08142208160600006
1115	15-19	0.023894318100705192
1115	20-24	0.010295034230605182
1115	25-29	-0.0015278592861989182
1115	30-34	-0.019924322084253987
1115	35-39	0.0034532609644273293
1115	40-44	-0.025695074175843047
1115	45-49	-0.02990906857123221
1115	50-54	-0.04825236439562275
1115	55-59	-0.02771545511748741
1115	60-64	-0.03208115491126762
1115	65-69	-0.04224457720930275
1115	70-74	-0.04351273610097195
1115	75-79	-0.07211228396840852
1115	80-84	-0.10024066263857279
1115	85-89	-0.13593563427760103
1115	90-94	-0.1558519832058849
1115	95-99	-0.14462714411190802
1115	100-104	-0.1456459719548171
1115	105-109	-0.1810351015187628
1115	110-114	-0.1589009241893251
1115	115-119	-0.18119125077599918
1115	120-124	-0.17497421345552056
1115	125-129	-0.16968786465001884
1115	130-134	-0.16208782431397495
1115	135-139	-0.17784150702459556
1115	140-144	-0.1573723385027499
1115	145-148	-0.0843450850243066
1116	1	-9.522681015958767E-4
1116	2	0.030109690372846387
1116	3	0.05182837699828724
1116	4	0.043472473015622626
1116	5	-7.422991531029766E-4
1116	6	-0.03291092744665747
1116	7	-0.02956080884649026
1116	8	-0.022918291510922728
1116	9	-0.1341892288007429
1116	10-14	-0.0157398645807163
1116	15-19	0.06971082820903618
1116	20-24	0.0321573624517022
1116	25-29	0.003606328387824931
1116	30-34	-0.012474897870980328
1116	35-39	0.005387049518915887
1116	40-44	-0.011444643236835361
1116	45-49	0.011875120792694815
1116	50-54	-0.017299030848434427
1116	55-59	-0.021133303388431557
1116	60-64	-0.023569121963461725
1116	65-69	-0.04616973855893036
1116	70-74	-0.058687706768555614
1116	75-79	-0.0845408028684389
1116	80-84	-0.11495244613685074
1116	85-89	-0.19849531306337198
1116	90-94	-0.21787542662407944
1116	95-99	-0.21726541724319048
1116	100-104	-0.21859970848937138
1116	105-109	-0.22640229230493958
1116	110-114	-0.2480468468240531
1116	115-119	-0.2566990580397359
1116	120-124	-0.2556114999958936
1116	125-129	-0.2857191680400675
1116	130-134	-0.30082156384706593
1116	135-139	-0.3556384033158544
1116	140-144	-0.36463139283049273
1116	145-148	-0.17657085757486612
1201	1	0.04085548149255658
1201	2	0.03128231458738284
1201	3	0.007646376430113122
1201	4	0.05056977582195188
1201	5	0.05416547775794811
1201	6	0.07860005733858344
1201	7	0.09750426188866257
1201	8	0.06289258412168763
1201	9	0.17807199181575584
1201	10-14	0.10751764221296156
1201	15-19	0.046320830279867664
1201	20-24	0.021473624704285044
1201	25-29	0.06032096012750543
1201	30-34	0.0548322478928327
1201	35-39	0.047293562755772456
1201	40-44	0.06264199248376912
1201	45-49	0.04664288837682662
1201	50-54	0.04035749598465088
1201	55-59	0.04363057265366521
1201	60-64	0.052722498154906816
1201	65-69	0.03562914222363389
1201	70-74	0.07009925050518007
1201	75-79	0.06639630520283646
1201	80-84	0.12085371641639497
1201	85-89	0.14774337233562562
1201	90-94	0.14682356807377062
1201	95-99	0.16952986387028446
1201	100-104	0.14900479443826598
1201	105-109	0.17373139037831464
1201	110-114	0.16769466248640086
1201	115-119	0.1746866420693145
1201	120-124	0.18169280020694245
1201	125-129	0.18938590102953867
1201	130-134	0.21178373829705066
1201	135-139	0.22818221884052647
1201	140-144	0.23225978221054433
1201	145-148	0.14084410632555588
1202	1	0.055478324399476975
1202	2	0.015031177182631694
1202	3	0.01285079754130436
1202	4	0.01850470616736999
1202	5	0.041778085274483345
1202	6	0.024235038652470564
1202	7	0.028234713318024518
1202	8	0.05248535276295385
1202	9	0.15339769494423905
1202	10-14	0.0579384770824376
1202	15-19	0.027450953741109174
1202	20-24	0.013732307506106878
1202	25-29	0.027365820333688617
1202	30-34	0.05163275656749278
1202	35-39	0.03182106789834904
1202	40-44	0.04100316926669123
1202	45-49	0.03448691971887996
1202	50-54	0.05732158527415265
1202	55-59	0.06356467969948909
1202	60-64	0.06346117217461611
1202	65-69	0.04700067807794284
1202	70-74	0.0692970287176351
1202	75-79	0.08564167649553411
1202	80-84	0.08999700940933408
1202	85-89	0.11916808420361846
1202	90-94	0.11555180319957614
1202	95-99	0.12791897724699908
1202	100-104	0.12277332836708155
1202	105-109	0.11980324476750681
1202	110-114	0.15044317072298696
1202	115-119	0.17521939197817105
1202	120-124	0.15067391769360583
1202	125-129	0.1586458373695443
1202	130-134	0.1540206585687116
1202	135-139	0.16523919686481037
1202	140-144	0.15674682985340382
1202	145-148	0.1441996887428587
1203	1	0.04163570256486082
1203	2	0.03903509203729172
1203	3	0.001013668141474966
1203	4	0.005404243454822932
1203	5	0.024610741962028726
1203	6	0.03509007745851278
1203	7	3.1734589283161085E-4
1203	8	0.011575336916131107
1203	9	0.12831424883660603
1203	10-14	0.04318567444925847
1203	15-19	0.022587808015185118
1203	20-24	0.015853772011816147
1203	25-29	0.01668600151484867
1203	30-34	0.018022711097003707
1203	35-39	0.01405061153906928
1203	40-44	0.02318574983349464
1203	45-49	0.005011081057585187
1203	50-54	0.016774819004872654
1203	55-59	-0.0024333274540921934
1203	60-64	0.027321927799338397
1203	65-69	0.012276243439551138
1203	70-74	0.011224138924070814
1203	75-79	0.03891382067762805
1203	80-84	0.03530439383158068
1203	85-89	0.057509162234190114
1203	90-94	0.04177266177100947
1203	95-99	0.0571543314326739
1203	100-104	0.07417447944443722
1203	105-109	0.04518868552517219
1203	110-114	0.07389161081329121
1203	115-119	0.09531848659046815
1203	120-124	0.10890066959126088
1203	125-129	0.07299541099900608
1203	130-134	0.07191837664394995
1203	135-139	0.0941775362515962
1203	140-144	0.09415191264682932
1203	145-148	0.03425409864851048
1204	1	0.03198908023061264
1204	2	0.04119465869500516
1204	3	2.7637048834350253E-5
1204	4	0.016900554385237854
1204	5	0.022883987852480914
1204	6	0.02755063573626515
1204	7	0.018407318525706984
1204	8	0.0463634105882349
1204	9	0.12503554476801781
1204	10-14	0.03850901349432334
1204	15-19	0.017262084488013585
1204	20-24	0.0025825160833008454
1204	25-29	0.0409297319550781
1204	30-34	0.04692403422279057
1204	35-39	0.04618286374740421
1204	40-44	0.032255273605063195
1204	45-49	0.01662569010926873
1204	50-54	0.026739313679215115
1204	55-59	0.03199745132198473
1204	60-64	0.04947427559790185
1204	65-69	0.037616618938240975
1204	70-74	0.055311571849021135
1204	75-79	0.03859251052248425
1204	80-84	0.07965648275159509
1204	85-89	0.07600332763559337
1204	90-94	0.08701009169611496
1204	95-99	0.09573726112052228
1204	100-104	0.08764703084863967
1204	105-109	0.07958897350827954
1204	110-114	0.09398450395988434
1204	115-119	0.09985100911533351
1204	120-124	0.09946670522868928
1204	125-129	0.1215986804804956
1204	130-134	0.1284106546224173
1204	135-139	0.11833755396371615
1204	140-144	0.1265370403650472
1204	145-148	0.11412392096860557
1205	1	0.023733565075186647
1205	2	0.01701901804771566
1205	3	0.01904812763148911
1205	4	0.02751106630381983
1205	5	0.03874316855862148
1205	6	0.04828428671802243
1205	7	0.05682030394342874
1205	8	0.048684597211646974
1205	9	0.10151981994707882
1205	10-14	0.058305449874687554
1205	15-19	0.02033980852909778
1205	20-24	0.018659404420557024
1205	25-29	0.025575904670439797
1205	30-34	0.013832789044379012
1205	35-39	0.023118378444596743
1205	40-44	0.028906940739869214
1205	45-49	0.030606242477588808
1205	50-54	0.015758786486884446
1205	55-59	0.037629613052967414
1205	60-64	0.03137596411976773
1205	65-69	0.037764963546916164
1205	70-74	0.017875203175030663
1205	75-79	0.0342252410170758
1205	80-84	0.07948143064254864
1205	85-89	0.06144981325801879
1205	90-94	0.0715744724321894
1205	95-99	0.06918496843588429
1205	100-104	0.06455466464612769
1205	105-109	0.057379058785098636
1205	110-114	0.0787606900818183
1205	115-119	0.07667165359194428
1205	120-124	0.0988558347910562
1205	125-129	0.09189473290418348
1205	130-134	0.10651052880407619
1205	135-139	0.11330572129906002
1205	140-144	0.09718778744683831
1205	145-148	0.08565371010580236
1206	1	0.025877565523806823
1206	2	0.00811257403777077
1206	3	0.013023276667905037
1206	4	0.031484917795005174
1206	5	0.02139991064401059
1206	6	0.02432831707512051
1206	7	-0.004500016465446066
1206	8	0.02115737962930453
1206	9	-0.0013544027915166623
1206	10-14	0.013179591449741679
1206	15-19	0.008779507580662482
1206	20-24	0.016856727223213852
1206	25-29	0.013735453633209715
1206	30-34	0.010389022381072976
1206	35-39	0.024906943741925147
1206	40-44	0.006822620502003218
1206	45-49	-0.004392647507629022
1206	50-54	0.010749092539185767
1206	55-59	0.025682084209183387
1206	60-64	0.014098080510613897
1206	65-69	0.003501064274072263
1206	70-74	0.02441459606639995
1206	75-79	0.04006288342600328
1206	80-84	0.03869961518153531
1206	85-89	0.060191570603663536
1206	90-94	0.06820678533721747
1206	95-99	0.08434614778347083
1206	100-104	0.07195907688641512
1206	105-109	0.08450782680427338
1206	110-114	0.08962658725934602
1206	115-119	0.09371117074902813
1206	120-124	0.1085413114743794
1206	125-129	0.09206949295306543
1206	130-134	0.10487517717623618
1206	135-139	0.10835704535179147
1206	140-144	0.10762897758023016
1206	145-148	0.07190392114696564
1207	1	-0.007169896186290714
1207	2	-0.0029713479114654717
1207	3	0.00249483054943056
1207	4	-0.04223707208739569
1207	5	-0.010344455168660005
1207	6	-0.024917552588302527
1207	7	-0.02733703191104553
1207	8	-0.011808274870183766
1207	9	-0.004000517691057581
1207	10-14	-0.016963008238640498
1207	15-19	-0.019851275372754884
1207	20-24	-0.011004507180373935
1207	25-29	-0.01051603580227578
1207	30-34	-0.005428029858769889
1207	35-39	-0.01368625532418477
1207	40-44	-0.021381874541276602
1207	45-49	-0.00446432031823818
1207	50-54	-0.0186293628260934
1207	55-59	-4.7137829005095E-4
1207	60-64	-0.02208421415823736
1207	65-69	-0.030066738672424265
1207	70-74	-0.006012219273870301
1207	75-79	-0.005497905173609041
1207	80-84	-0.001379226457721927
1207	85-89	0.0055756070324299856
1207	90-94	0.010219084136871004
1207	95-99	0.0024242513454346692
1207	100-104	-0.02923748120305447
1207	105-109	-0.0010705251102898217
1207	110-114	0.004716496140403592
1207	115-119	-0.009051875825253575
1207	120-124	-0.01846340095673682
1207	125-129	-0.009739601476887572
1207	130-134	-0.008315464295506558
1207	135-139	-0.013868991480183723
1207	140-144	0.004745090434735033
1207	145-148	-0.008221859745059845
1208	1	0.016862325064675332
1208	2	0.028021856025361558
1208	3	0.014363264737383474
1208	4	0.0183752500224017
1208	5	0.01959966691427084
1208	6	0.020084632492668675
1208	7	0.0380230513403923
1208	8	0.033753897751442
1208	9	0.050227391524501286
1208	10-14	0.006603972513367751
1208	15-19	0.02820562630950363
1208	20-24	0.006100460668282182
1208	25-29	0.031119871883380057
1208	30-34	0.01957239096709884
1208	35-39	0.02743306129820766
1208	40-44	0.02012938036037326
1208	45-49	-0.001276427228930288
1208	50-54	0.03527568488873101
1208	55-59	0.0382560463507744
1208	60-64	0.021613691112790434
1208	65-69	0.05017435417179428
1208	70-74	0.03548921048087905
1208	75-79	0.04844975291898024
1208	80-84	0.04750587180601329
1208	85-89	0.0664689589850056
1208	90-94	0.058790961310052126
1208	95-99	0.047285938572120045
1208	100-104	0.025128215382366648
1208	105-109	0.06288165222082043
1208	110-114	0.051960986703388556
1208	115-119	0.042153769951397635
1208	120-124	0.07576612725404175
1208	125-129	0.07902173605810248
1208	130-134	0.0787320782521661
1208	135-139	0.06672105192945565
1208	140-144	0.09923164627555181
1208	145-148	0.049946202406058404
1209	1	0.013667877401708495
1209	2	0.012430627052012255
1209	3	0.0015796398032073
1209	4	0.0010036764964027611
1209	5	0.014744442684992976
1209	6	-0.0010375943705938084
1209	7	-0.006673360858489019
1209	8	-0.0215290714912868
1209	9	0.029239733918018374
1209	10-14	0.016690310884222015
1209	15-19	0.002482059436463402
1209	20-24	-0.0035696014551511723
1209	25-29	0.021715328152502877
1209	30-34	0.0030284463101075687
1209	35-39	0.005293581185949137
1209	40-44	0.0037588120905596156
1209	45-49	-0.002710783759802382
1209	50-54	0.009684081517026044
1209	55-59	0.003735839853085565
1209	60-64	0.007331034042088902
1209	65-69	0.0027102633865681014
1209	70-74	0.012524275117502981
1209	75-79	9.045804714169492E-4
1209	80-84	-0.005219929721985039
1209	85-89	0.0030637993934554686
1209	90-94	-0.009362790597634785
1209	95-99	-0.006774472854093716
1209	100-104	0.02609031001924933
1209	105-109	-0.002722151158014441
1209	110-114	0.011504715211227534
1209	115-119	0.02219034405274556
1209	120-124	0.015454087208787826
1209	125-129	0.03243061024732086
1209	130-134	0.03998565021470313
1209	135-139	0.06593492199296591
1209	140-144	0.07705601613491808
1209	145-148	0.038024259764441126
1210	1	0.011787121564118763
1210	2	0.014764187053927458
1210	3	0.023894358851283215
1210	4	0.04330264845955867
1210	5	0.02524895214468259
1210	6	0.0046204298043477365
1210	7	0.015396159708629398
1210	8	0.03668932180095652
1210	9	-0.009142845542935873
1210	10-14	0.002783773166513015
1210	15-19	0.014448801303302616
1210	20-24	0.006291165074397753
1210	25-29	-0.010178467114194234
1210	30-34	0.017914785968887514
1210	35-39	0.02220402806862154
1210	40-44	0.043779604921365234
1210	45-49	0.027968785913998317
1210	50-54	0.03339994051346551
1210	55-59	0.028742365730529684
1210	60-64	0.03457900693813798
1210	65-69	0.02440860991129412
1210	70-74	0.02533716982065215
1210	75-79	0.026824494811382493
1210	80-84	0.043261686914881636
1210	85-89	0.03443547221734988
1210	90-94	0.04611997967595016
1210	95-99	0.02371822557046599
1210	100-104	0.025534994179714943
1210	105-109	0.008345418239425584
1210	110-114	0.009492476103442726
1210	115-119	0.0044477425488160804
1210	120-124	0.0316689736075908
1210	125-129	0.03381485459329525
1210	130-134	0.0044718698856200945
1210	135-139	0.025720725711767756
1210	140-144	0.059136771849903624
1210	145-148	0.03312653319443726
1211	1	0.00873496044589217
1211	2	0.05216331252351125
1211	3	0.03949568014621718
1211	4	0.024074333978894913
1211	5	0.040524414877445736
1211	6	-0.006564057720133576
1211	7	0.002455536345959075
1211	8	-0.006435427419678064
1211	9	-0.15904619499046646
1211	10-14	-0.014135157131793363
1211	15-19	0.017831182256387024
1211	20-24	0.026367639483893868
1211	25-29	-0.01787078736568759
1211	30-34	0.004615975006196038
1211	35-39	0.01336683896347779
1211	40-44	-0.0038679706931539215
1211	45-49	0.014545571480738317
1211	50-54	0.008321689001714816
1211	55-59	0.018894583084186678
1211	60-64	0.019892079509176597
1211	65-69	0.024562730287904344
1211	70-74	0.016823079846183475
1211	75-79	-0.0028295107188860413
1211	80-84	0.007873435478547464
1211	85-89	0.011675812549871267
1211	90-94	0.030402705300289767
1211	95-99	0.002316325416177989
1211	100-104	0.021001933986919852
1211	105-109	0.02819788667293821
1211	110-114	0.028173093237256808
1211	115-119	0.022102881765192706
1211	120-124	0.018441309166718156
1211	125-129	0.026004627170514993
1211	130-134	0.039234666726557066
1211	135-139	0.050413041896302246
1211	140-144	0.03052094798352556
1211	145-148	0.05530902255331327
1212	1	-0.03561767861467402
1212	2	-0.036633384025194005
1212	3	2.396055020277288E-4
1212	4	-0.0468568641825442
1212	5	-0.019575240153656637
1212	6	-0.04161124306621744
1212	7	-0.02107256932427859
1212	8	-0.07546214060379342
1212	9	-0.19040770499787385
1212	10-14	-0.09345340664323487
1212	15-19	-0.08374196290168001
1212	20-24	-0.005241652428995991
1212	25-29	-0.033768812505023504
1212	30-34	-0.02713655406810389
1212	35-39	-0.04688947098388496
1212	40-44	-0.021937811167113352
1212	45-49	-0.009724755848367295
1212	50-54	-0.013614259813561347
1212	55-59	-0.024322858532666913
1212	60-64	-0.03409120366301366
1212	65-69	-0.045395813113064065
1212	70-74	-0.03019341100696593
1212	75-79	-0.05039797705558158
1212	80-84	-0.04632780370205225
1212	85-89	-0.05864385655018722
1212	90-94	-0.0781339855180363
1212	95-99	-0.06740911578363296
1212	100-104	-0.07685283278939536
1212	105-109	-0.07340646026890241
1212	110-114	-0.08274201966581174
1212	115-119	-0.07671258945129011
1212	120-124	-0.08197866162612755
1212	125-129	-0.08405707460389067
1212	130-134	-0.08444774553557721
1212	135-139	-0.10089665726426134
1212	140-144	-0.11608633582034145
1212	145-148	-0.06265825649812129
1213	1	-0.016651265554997963
1213	2	-0.02075841401840961
1213	3	-0.00974660107602432
1213	4	-0.025062659361026363
1213	5	-0.030538888114726603
1213	6	-0.05053618683383476
1213	7	-0.036886600423038374
1213	8	-0.02494287395137107
1213	9	-0.4126237804785653
1213	10-14	-0.056347181204607466
1213	15-19	-0.011711121840495053
1213	20-24	-0.02254510679221511
1213	25-29	-0.040524620945859624
1213	30-34	-0.03680113690273501
1213	35-39	-0.030846962611427386
1213	40-44	-0.002110369966452197
1213	45-49	-0.031922289746201926
1213	50-54	-0.0202464491888783
1213	55-59	-0.03322121789639709
1213	60-64	-0.02810339700219089
1213	65-69	-0.04880027805065623
1213	70-74	-0.026272159263747596
1213	75-79	-0.021246013236673633
1213	80-84	-0.07678047365856244
1213	85-89	-0.06708503757770501
1213	90-94	-0.06868212989121503
1213	95-99	-0.10767664540149369
1213	100-104	-0.07117604512199804
1213	105-109	-0.08258098843025152
1213	110-114	-0.08516643686439807
1213	115-119	-0.06773016861018633
1213	120-124	-0.08904787387252
1213	125-129	-0.08079180443623812
1213	130-134	-0.07125165111627041
1213	135-139	-0.06643196222108827
1213	140-144	-0.04709561490872005
1213	145-148	-0.014107683559210216
1214	1	-0.009174342985318162
1214	2	-0.028355029890285266
1214	3	0.02142400913454523
1214	4	-0.014634465794202356
1214	5	0.018859213204915903
1214	6	-0.03887166088352245
1214	7	-0.03100469546671647
1214	8	-0.02619163865121621
1214	9	-0.14920543266874375
1214	10-14	-0.013350323225889582
1214	15-19	-0.03688801366486416
1214	20-24	0.004036412118672672
1214	25-29	-0.03143996913678393
1214	30-34	-0.006651548345736558
1214	35-39	-0.009206680513560883
1214	40-44	-0.020411176906964812
1214	45-49	-0.03241441813392143
1214	50-54	-0.0034957846475585086
1214	55-59	-0.011868205456476488
1214	60-64	-0.007244953174495805
1214	65-69	0.00499629872605567
1214	70-74	-0.023340115314674392
1214	75-79	-0.0416564122973071
1214	80-84	-0.05577390506611124
1214	85-89	-0.0187868055388698
1214	90-94	-0.048692899811261015
1214	95-99	-0.06019304004796311
1214	100-104	-0.04475650053044333
1214	105-109	-0.06401506448030148
1214	110-114	-0.06275372235849375
1214	115-119	-0.08629754213449203
1214	120-124	-0.06726136621934486
1214	125-129	-0.018719555580197778
1214	130-134	-0.05858333255109471
1214	135-139	-0.03980977991093937
1214	140-144	-0.07123029121589752
1214	145-148	-0.008336566662030975
1215	1	0.002342648626076027
1215	2	-0.010678754658790979
1215	3	0.015185937459634147
1215	4	-0.009323781087672955
1215	5	-0.014864434438184304
1215	6	-0.024899671968750425
1215	7	-0.017253301078998362
1215	8	-0.01956116007023212
1215	9	-0.16209832138308755
1215	10-14	-0.06950479627977657
1215	15-19	0.017583170111450386
1215	20-24	0.011056621728275928
1215	25-29	-0.008580507243117097
1215	30-34	-0.0072616698525642676
1215	35-39	-0.01396173004481227
1215	40-44	-0.023264736351954696
1215	45-49	-0.019255144541791225
1215	50-54	-0.03238165585459285
1215	55-59	-0.05416938286817796
1215	60-64	-0.018478468111013058
1215	65-69	-0.030552100713148178
1215	70-74	-0.045912169522928536
1215	75-79	-0.05769727623297172
1215	80-84	-0.05377523072221635
1215	85-89	-0.07443213493982981
1215	90-94	-0.10122745959388979
1215	95-99	-0.12948104639117375
1215	100-104	-0.10457313014921255
1215	105-109	-0.1370606185923542
1215	110-114	-0.12256993639582348
1215	115-119	-0.14206823434637883
1215	120-124	-0.14274628784045262
1215	125-129	-0.1441247087653963
1215	130-134	-0.15245142532120326
1215	135-139	-0.156417688200861
1215	140-144	-0.14291112782443705
1215	145-148	-0.06272904894548503
1216	1	0.0023127634217026127
1216	2	-8.318649671750222E-4
1216	3	-0.0024707004879047645
1216	4	0.019352550105985244
1216	5	0.00350077540957372
1216	6	-0.005966576579414351
1216	7	-0.027426854200346185
1216	8	-0.016405845381772366
1216	9	-0.03898578127284935
1216	10-14	-0.01808389442415148
1216	15-19	0.0276590656432667
1216	20-24	0.030294854312401753
1216	25-29	-0.00538871557038334
1216	30-34	-0.005299167119748205
1216	35-39	-0.0036970475557289717
1216	40-44	-0.028484810100302127
1216	45-49	-0.021456375509725234
1216	50-54	-0.0384945146626805
1216	55-59	-0.0313568297762572
1216	60-64	-0.0313314613337603
1216	65-69	-0.020123522496405144
1216	70-74	-0.03841462011174457
1216	75-79	-0.09022435692062203
1216	80-84	-0.1164848465543642
1216	85-89	-0.13472325815745378
1216	90-94	-0.15936808703993677
1216	95-99	-0.18552652143076642
1216	100-104	-0.15781771434762604
1216	105-109	-0.1963670888040845
1216	110-114	-0.19824866608565017
1216	115-119	-0.20009032670256843
1216	120-124	-0.23642491733615856
1216	125-129	-0.2511623797885356
1216	130-134	-0.2995201906362581
1216	135-139	-0.31390797535637915
1216	140-144	-0.35174833680111917
1216	145-148	-0.2282919145607103
2101	1	0.03697039785126677
2101	2	0.03150630633640006
2101	3	-0.019359334989477617
2101	4	9.083638976328245E-4
2101	5	0.02286124103704168
2101	6	0.04763311681507787
2101	7	0.06379869734611177
2101	8	0.03376436136256444
2101	9	0.13221898110358055
2101	10-14	0.05174102089963384
2101	15-19	-0.012004947994672222
2101	20-24	-0.003998517549284486
2101	25-29	0.025937469485391773
2101	30-34	0.0378078656115548
2101	35-39	0.021228838813598827
2101	40-44	0.025975894808190958
2101	45-49	0.017200954473427288
2101	50-54	0.03497119071457888
2101	55-59	0.02449774513712555
2101	60-64	0.026765102138835317
2101	65-69	0.05406692647322586
2101	70-74	0.044320983655019575
2101	75-79	0.061329877680528
2101	80-84	0.06938196794354567
2101	85-89	0.10109460365005418
2101	90-94	0.11667093556897967
2101	95-99	0.10069230026675413
2101	100-104	0.06653179311937052
2101	105-109	0.13133632658888672
2101	110-114	0.13332289503570394
2101	115-119	0.1465734171317088
2101	120-124	0.14170224098178963
2101	125-129	0.11696551390879151
2101	130-134	0.1360096303499141
2101	135-139	0.12913971821070547
2101	140-144	0.12476291572703602
2101	145-148	0.06155485650667458
2102	1	-0.015724142786698536
2102	2	-0.015315925098352778
2102	3	-0.012422051769917175
2102	4	0.012173833610809481
2102	5	0.00163308009509322
2102	6	0.011094215874535962
2102	7	0.036957386710085416
2102	8	0.03588049538106475
2102	9	0.12862379317666495
2102	10-14	0.049485780699196624
2102	15-19	-0.004644871703675335
2102	20-24	0.00671059375060068
2102	25-29	0.022400381070763586
2102	30-34	0.013566578339922586
2102	35-39	0.01687607101209565
2102	40-44	0.052231151888378236
2102	45-49	0.0488481130009113
2102	50-54	0.015319437665716862
2102	55-59	0.027185907776477336
2102	60-64	0.0244918650216448
2102	65-69	0.030569638030506496
2102	70-74	0.04155975335909545
2102	75-79	0.05546541381265868
2102	80-84	0.08441381202074538
2102	85-89	0.10044873057398362
2102	90-94	0.10303851127563846
2102	95-99	0.12132856580877416
2102	100-104	0.12597374765217495
2102	105-109	0.13302757972725487
2102	110-114	0.10921009285766559
2102	115-119	0.11890407133508418
2102	120-124	0.1352340648364354
2102	125-129	0.08568527853901742
2102	130-134	0.06993054529950982
2102	135-139	0.08558641241323883
2102	140-144	0.0838987853781532
2102	145-148	0.02106569026258498
2103	1	0.010114108994386584
2103	2	0.008005425471409922
2103	3	-0.03019312833574972
2103	4	0.03989728564297934
2103	5	0.04697179777409488
2103	6	0.07375818594731243
2103	7	0.06621603271928223
2103	8	0.01679188132617071
2103	9	0.1702138129082691
2103	10-14	0.04157569886732304
2103	15-19	0.023693665633803818
2103	20-24	-0.011842860362239804
2103	25-29	0.02864204656258451
2103	30-34	0.04029744222529885
2103	35-39	0.03859073851433337
2103	40-44	0.03738211460069607
2103	45-49	0.029857401346422563
2103	50-54	0.05712214055020581
2103	55-59	0.05574343644978086
2103	60-64	0.029920446199451334
2103	65-69	0.043374859798685605
2103	70-74	-9.999346564164568E-4
2103	75-79	0.06783529894456564
2103	80-84	0.06913040357555289
2103	85-89	0.0657569333917003
2103	90-94	0.08067024897574626
2103	95-99	0.1032481932534921
2103	100-104	0.07052722265723688
2103	105-109	0.11281800541227938
2103	110-114	0.11748610534155546
2103	115-119	0.09794778630620726
2103	120-124	0.10887689259376998
2103	125-129	0.07989501407695343
2103	130-134	0.10927539317791712
2103	135-139	0.14736168720602905
2103	140-144	0.09217332858593963
2103	145-148	0.04979612026818003
2104	1	-0.0056444533620982895
2104	2	-0.017528906902043673
2104	3	-0.03923834979408625
2104	4	-0.014254265365792662
2104	5	-0.014510877343735018
2104	6	-0.0030292674228142857
2104	7	0.03227204847182108
2104	8	-0.008110491547025589
2104	9	0.12452486600178148
2104	10-14	0.02802945316450689
2104	15-19	-0.0246097457082044
2104	20-24	-0.027953267398739712
2104	25-29	0.0031752392099910765
2104	30-34	0.005278635760983974
2104	35-39	-4.311346764040991E-5
2104	40-44	-0.012390637379194658
2104	45-49	-0.028046628804510476
2104	50-54	-0.013595996608749772
2104	55-59	-0.04289715368351921
2104	60-64	-0.024961766393914786
2104	65-69	-0.07288845942586875
2104	70-74	-0.06078639661728502
2104	75-79	-0.001880978698807212
2104	80-84	-0.043258613625795306
2104	85-89	-0.049116337079876615
2104	90-94	-0.003835053251403764
2104	95-99	-0.019053471370305886
2104	100-104	-0.09555732297789987
2104	105-109	-0.047251435920180995
2104	110-114	-0.07026151574811479
2104	115-119	-0.03502161118717595
2104	120-124	-0.04021712916309994
2104	125-129	0.01025823783509594
2104	130-134	0.012843439712213467
2104	135-139	-0.026901417954992013
2104	140-144	0.001299382777187219
2104	145-148	-0.012402236771745123
2105	1	-0.030067091333258134
2105	2	0.01605068681164923
2105	3	-0.011559491710482206
2105	4	0.011919158083262715
2105	5	0.0354727165051365
2105	6	0.02997871460507895
2105	7	0.03745947430791219
2105	8	1.424744602473993E-5
2105	9	0.13451170314758443
2105	10-14	0.03809049818546839
2105	15-19	-0.015338069328890924
2105	20-24	-0.009201951371959893
2105	25-29	-0.0029745880038376526
2105	30-34	0.01332436493356326
2105	35-39	-2.7662158877106435E-4
2105	40-44	-4.000782665229963E-4
2105	45-49	0.0169999169896613
2105	50-54	-0.01656047567087171
2105	55-59	0.004798447793376681
2105	60-64	0.019617504236826733
2105	65-69	-3.8890235769173387E-4
2105	70-74	-0.004233266628169474
2105	75-79	0.016586228768851186
2105	80-84	0.026853212824043737
2105	85-89	0.012856588628611831
2105	90-94	0.04464188356888954
2105	95-99	0.0327079860805739
2105	100-104	0.018339504999303813
2105	105-109	0.03404868736019395
2105	110-114	0.02831483087355835
2105	115-119	0.009199521710417713
2105	120-124	-0.013310292687354064
2105	125-129	0.029363660871752018
2105	130-134	0.04641675736955975
2105	135-139	0.07002132309918352
2105	140-144	0.06307267768701408
2105	145-148	0.05086203703165637
2106	1	-0.016546043660063958
2106	2	-0.016439839139430035
2106	3	-0.04294900860424278
2106	4	-0.0019007873514276241
2106	5	-0.023167885132096444
2106	6	4.8238393558364123E-4
2106	7	5.43056187240154E-4
2106	8	0.02067101973745622
2106	9	0.07916972065358507
2106	10-14	0.02739417186831261
2106	15-19	-0.009873209499922098
2106	20-24	-0.010255180653533813
2106	25-29	0.0013651929603959445
2106	30-34	-0.0013567330606889527
2106	35-39	0.0022921761332348467
2106	40-44	0.013916324554724468
2106	45-49	-0.013248951838047418
2106	50-54	0.002397204268209663
2106	55-59	0.02031276669979931
2106	60-64	0.0173587567802862
2106	65-69	0.0135840014943156
2106	70-74	0.006690627986223774
2106	75-79	0.032206748408476926
2106	80-84	0.021913345341317836
2106	85-89	0.046968434416552185
2106	90-94	0.05467095956572976
2106	95-99	0.06461013534741156
2106	100-104	0.047200113155010825
2106	105-109	0.03137057910251073
2106	110-114	0.018954395829076987
2106	115-119	0.06721409986938554
2106	120-124	0.05360035130426155
2106	125-129	0.03250990310162294
2106	130-134	0.04817302493661657
2106	135-139	0.07566587581685624
2106	140-144	0.06567346442450273
2106	145-148	0.01617750280460939
2107	1	-0.0742236157403795
2107	2	-0.054165459269650995
2107	3	-0.040968000116603065
2107	4	-0.01013405776470222
2107	5	-0.007399946474922814
2107	6	-0.00554314803492062
2107	7	0.019063431657695418
2107	8	-0.0048683499485058235
2107	9	0.08265790594772326
2107	10-14	-0.04415529687655351
2107	15-19	-0.038882533499844385
2107	20-24	-0.04608300989382741
2107	25-29	-0.03079080005633017
2107	30-34	-0.015702030827881686
2107	35-39	-0.021824217979283134
2107	40-44	-0.0349528798076264
2107	45-49	-0.033633151533088324
2107	50-54	-0.018486711669719824
2107	55-59	-0.03240652715174264
2107	60-64	-0.02521384109347835
2107	65-69	-0.021324444603017412
2107	70-74	-0.018140225897926854
2107	75-79	-8.312902378868614E-4
2107	80-84	-0.028760717424386684
2107	85-89	-0.03470481836203376
2107	90-94	-0.0021397515719456806
2107	95-99	0.020696273817335964
2107	100-104	0.02281339746684452
2107	105-109	-0.017139738893678924
2107	110-114	0.0015740396380543586
2107	115-119	-0.019277395401541497
2107	120-124	0.024306796312725254
2107	125-129	0.010183801899376732
2107	130-134	0.03631871683116117
2107	135-139	0.030427664805934285
2107	140-144	-0.03418482163053582
2107	145-148	-0.0702120768561052
2108	1	0.015581752999796805
2108	2	0.02736483795797895
2108	3	0.021614427785529244
2108	4	0.02828475604356484
2108	5	0.013353004383848344
2108	6	0.04731278080851098
2108	7	0.05415922017957797
2108	8	0.035027408258901715
2108	9	0.115354862276277
2108	10-14	0.046821190518429034
2108	15-19	0.038042366958102036
2108	20-24	0.016322442613674326
2108	25-29	-0.007310269189510166
2108	30-34	0.013698535165467263
2108	35-39	0.005615423730919389
2108	40-44	0.018375182507867294
2108	45-49	0.014666162255064563
2108	50-54	0.027748347297734455
2108	55-59	0.00654819705017573
2108	60-64	0.009889230239899405
2108	65-69	0.014506854293497184
2108	70-74	0.05854158340778426
2108	75-79	0.03574016332461838
2108	80-84	0.05313587277030862
2108	85-89	0.06086262254620323
2108	90-94	0.08764674559637697
2108	95-99	0.04803805939469896
2108	100-104	0.07944805764032381
2108	105-109	0.09382904458459151
2108	110-114	0.08514081304624099
2108	115-119	0.07432911969925371
2108	120-124	0.0885895321186716
2108	125-129	0.0589519446801674
2108	130-134	0.06170892047795462
2108	135-139	0.06255370474818989
2108	140-144	0.05472911903674671
2108	145-148	-0.03980700584614638
2109	1	-0.012369878278281732
2109	2	-0.015656870534193956
2109	3	0.004244638121523536
2109	4	-0.0036844307877181848
2109	5	0.012010740954075061
2109	6	0.015769375635802163
2109	7	0.02204790909947718
2109	8	0.004619701541653143
2109	9	0.05273703968494914
2109	10-14	0.016146175234659665
2109	15-19	0.02660723491665351
2109	20-24	-0.003679060611897711
2109	25-29	0.0038311642354642572
2109	30-34	-3.2855485858718225E-4
2109	35-39	-0.005214547120473867
2109	40-44	-0.004870116095872845
2109	45-49	-0.017634096260991328
2109	50-54	0.003148195675279908
2109	55-59	0.024042494001715653
2109	60-64	0.011529141310688829
2109	65-69	0.004135556650687988
2109	70-74	-0.024103804775766235
2109	75-79	-0.003329978864723415
2109	80-84	0.02162474707876072
2109	85-89	0.02248465063208016
2109	90-94	0.011104136312699353
2109	95-99	0.01320910284162835
2109	100-104	0.018386098810466933
2109	105-109	0.0049511236512245205
2109	110-114	0.01841743477129043
2109	115-119	-0.04135786633770522
2109	120-124	0.03698764752686046
2109	125-129	0.01574850762293778
2109	130-134	0.029365442733194413
2109	135-139	-0.001995811915634249
2109	140-144	0.04594345312023762
2109	145-148	0.021246822002900956
2110	1	-0.01818989996799658
2110	2	-0.0031846239856498926
2110	3	-0.013757653585454221
2110	4	-0.02850636672554785
2110	5	-0.005066781006334509
2110	6	-0.011958605919225818
2110	7	-0.0064252514462097565
2110	8	0.02623223572846456
2110	9	0.021188135563189547
2110	10-14	-0.003228993434490235
2110	15-19	-0.02020217545893388
2110	20-24	-0.002500528458249107
2110	25-29	-6.220945649957343E-4
2110	30-34	-0.0208278944333955
2110	35-39	-0.023349185171777975
2110	40-44	-0.03356422263180292
2110	45-49	-0.017450164125854428
2110	50-54	-0.027809880915206975
2110	55-59	-0.02461827508168213
2110	60-64	-0.006356213016932344
2110	65-69	-0.014138258471135146
2110	70-74	-0.01556508674217838
2110	75-79	-0.04129270594325973
2110	80-84	-0.037972284175822324
2110	85-89	-0.011017414847618312
2110	90-94	-0.02742259806295877
2110	95-99	-0.03017316472334386
2110	100-104	-0.03875927900001841
2110	105-109	-0.012618567722217477
2110	110-114	-0.03814373875883703
2110	115-119	-0.024200809222360675
2110	120-124	-0.0012213997859866765
2110	125-129	-0.01954912528129782
2110	130-134	-0.038279127351199094
2110	135-139	-0.02431150339796062
2110	140-144	-0.03665387429986211
2110	145-148	-0.02081526647164722
2111	1	-0.009236123729351675
2111	2	0.0013875872535251688
2111	3	0.006347804610498997
2111	4	0.009270199415638558
2111	5	0.002394347089289539
2111	6	0.023263108196626803
2111	7	0.02536925978768423
2111	8	0.0035444300391951344
2111	9	0.042662319882957433
2111	10-14	-0.00802726988253255
2111	15-19	0.04025619778870393
2111	20-24	0.015554403182996168
2111	25-29	0.0354686797473569
2111	30-34	0.020653845765135515
2111	35-39	0.027728121058348876
2111	40-44	0.026013549682726733
2111	45-49	0.005624536701734684
2111	50-54	0.015498443680669993
2111	55-59	5.757664407504137E-4
2111	60-64	0.004399854965416949
2111	65-69	0.022757261267795315
2111	70-74	9.498023899290331E-4
2111	75-79	0.02174965601908596
2111	80-84	0.0042859553549234874
2111	85-89	0.019786790165497337
2111	90-94	0.012636681533074068
2111	95-99	0.011222884667912325
2111	100-104	0.020375720516348395
2111	105-109	0.010638172984737793
2111	110-114	-0.00846137186568896
2111	115-119	-0.01853625760736577
2111	120-124	-0.02410177943501779
2111	125-129	-0.006775798739425909
2111	130-134	0.004058689697945539
2111	135-139	-0.03488895876228426
2111	140-144	0.013693958422397401
2111	145-148	0.03336713407372116
2112	1	-0.006828030881440128
2112	2	-0.018972406826403443
2112	3	0.013750798401574116
2112	4	-0.005151928918582627
2112	5	-0.027583452643622053
2112	6	-0.015047982778533253
2112	7	-0.043750773849605906
2112	8	-0.015475904909894922
2112	9	-0.045313190158527306
2112	10-14	-0.01697018512878401
2112	15-19	-0.05529626312448599
2112	20-24	-0.03811436349519326
2112	25-29	-0.02258066440843365
2112	30-34	-0.03612455914096557
2112	35-39	-0.02803756354418141
2112	40-44	-0.047728312120199234
2112	45-49	-0.020958596914574912
2112	50-54	-0.02960675257187262
2112	55-59	-0.038241550187983364
2112	60-64	-0.016478287191116436
2112	65-69	-0.021001570289641336
2112	70-74	-0.024287577872811994
2112	75-79	-0.03746462473412748
2112	80-84	-0.031478987396418745
2112	85-89	-0.028536918307086268
2112	90-94	-0.0254497241628151
2112	95-99	-0.05381085277209863
2112	100-104	-0.04866952246910472
2112	105-109	-0.03057139116650731
2112	110-114	-0.0316232472434983
2112	115-119	-0.019561259631835526
2112	120-124	-0.04039376950889206
2112	125-129	-0.0554886517135067
2112	130-134	-0.04878650250953953
2112	135-139	-0.05768205610900168
2112	140-144	-0.062034290878216325
2112	145-148	-0.06684999561900185
2113	1	-0.04084876811987215
2113	2	-0.05363596646708757
2113	3	-0.0018528234444872282
2113	4	-0.057848723202688745
2113	5	-0.04341702202717457
2113	6	-0.0607067952825453
2113	7	-0.044331574835656085
2113	8	-0.03345775752865876
2113	9	-0.06613257485058455
2113	10-14	-0.08833240304211643
2113	15-19	-0.01565281546285391
2113	20-24	-0.0463375817090359
2113	25-29	-0.08483191014058278
2113	30-34	-0.067627985533246
2113	35-39	-0.034115494845391225
2113	40-44	-0.059641983331232495
2113	45-49	-0.04540503987134059
2113	50-54	-0.07206101241076723
2113	55-59	-0.06662596650216202
2113	60-64	-0.05162065457954057
2113	65-69	-0.06153866777124506
2113	70-74	-0.06407040611466286
2113	75-79	-0.07370193606677233
2113	80-84	-0.0948997535102194
2113	85-89	-0.10017364667014661
2113	90-94	-0.10258627413948318
2113	95-99	-0.10674473345508062
2113	100-104	-0.125356737985598
2113	105-109	-0.12135917024250631
2113	110-114	-0.11964598182388997
2113	115-119	-0.13877261052993362
2113	120-124	-0.1364285207587841
2113	125-129	-0.11050375135855717
2113	130-134	-0.1395206163589684
2113	135-139	-0.12270440610553024
2113	140-144	-0.11985773536259003
2113	145-148	-0.07708134487788953
2114	1	-0.007725974411215475
2114	2	-0.0045326235837990225
2114	3	-0.005939518930105692
2114	4	-0.022895580271939053
2114	5	-0.016943980745374176
2114	6	-0.018296929949467966
2114	7	-0.01441971185595392
2114	8	-0.010766366983432363
2114	9	-0.11067439955296976
2114	10-14	-0.018153270355988127
2114	15-19	0.00679121623247525
2114	20-24	-0.008152466709756112
2114	25-29	0.010717532068337476
2114	30-34	-0.021296391414395544
2114	35-39	-0.016760087714935423
2114	40-44	-0.014970796125300723
2114	45-49	-0.0248212318629335
2114	50-54	-0.02221959704260712
2114	55-59	-0.027382790833023307
2114	60-64	-0.038071046206507475
2114	65-69	-0.022813959752866708
2114	70-74	-0.036543605481213604
2114	75-79	-0.028741776269271213
2114	80-84	-0.05536292083382932
2114	85-89	-0.07569725040902142
2114	90-94	-0.07752642300790313
2114	95-99	-0.08123410178420087
2114	100-104	-0.03804475439177679
2114	105-109	-0.07242283270040417
2114	110-114	-0.07301119446485416
2114	115-119	-0.06905759568482495
2114	120-124	-0.10576755133804383
2114	125-129	-0.08303489720400492
2114	130-134	-0.08138752301169205
2114	135-139	-0.06887997016766434
2114	140-144	-0.06842548726702447
2114	145-148	-0.02389830050785946
2115	1	-0.06069375242449837
2115	2	-0.02879531555037218
2115	3	0.005041155114444251
2115	4	-0.06424796158688295
2115	5	-0.07145366901683303
2115	6	-0.06423199982190297
2115	7	-0.09663551232801382
2115	8	-0.06119163180452958
2115	9	-0.2062341232870999
2115	10-14	-0.08413373947842828
2115	15-19	-0.03314953041109092
2115	20-24	-0.05414623947840269
2115	25-29	-0.05783979827845087
2115	30-34	-0.0555098386631272
2115	35-39	-0.08389623301833637
2115	40-44	-0.05223930359590412
2115	45-49	-0.06042798478779332
2115	50-54	-0.04108826678305988
2115	55-59	-0.04162976768838078
2115	60-64	-0.040285272074488176
2115	65-69	-0.06651329895324665
2115	70-74	-0.07271869239677642
2115	75-79	-0.09279946379002624
2115	80-84	-0.09574081940744605
2115	85-89	-0.16852845933112448
2115	90-94	-0.1660309117336638
2115	95-99	-0.15795013615439402
2115	100-104	-0.15930740583445058
2115	105-109	-0.14884065028707738
2115	110-114	-0.16399967206455557
2115	115-119	-0.16916765031566428
2115	120-124	-0.18103527370575279
2115	125-129	-0.20372927542673125
2115	130-134	-0.2292947705544499
2115	135-139	-0.1976369651037828
2115	140-144	-0.22448121430717904
2115	145-148	-0.10695131832074978
2116	1	0.026533279594257664
2116	2	0.01745699833977099
2116	3	0.019535056089402758
2116	4	0.018695195485747718
2116	5	0.02143896946675028
2116	6	-0.011706897411158934
2116	7	4.187662405250592E-4
2116	8	-0.002891024861799707
2116	9	-0.07094521855063718
2116	10-14	-0.013191449221775287
2116	15-19	0.032877118207640166
2116	20-24	0.0190613254818075
2116	25-29	0.016171367441415896
2116	30-34	-0.014048301186434742
2116	35-39	0.003997406284870664
2116	40-44	-0.026940512793760973
2116	45-49	-0.012590352525865711
2116	50-54	-0.010269880800905185
2116	55-59	-0.017716409561266744
2116	60-64	-0.021092225899906225
2116	65-69	-0.02309187630213927
2116	70-74	-0.02654169370911319
2116	75-79	-0.08133009975993488
2116	80-84	-0.10562140719654423
2116	85-89	-0.16323466075710158
2116	90-94	-0.17832182405138042
2116	95-99	-0.20294466324067884
2116	100-104	-0.14057508880653558
2116	105-109	-0.16315121769495988
2116	110-114	-0.18209221863088842
2116	115-119	-0.22351239459903738
2116	120-124	-0.24352201749544378
2116	125-129	-0.25806030741410524
2116	130-134	-0.3166106288663215
2116	135-139	-0.3537432967679237
2116	140-144	-0.3519657023439535
2116	145-148	-0.22370206221495792
2201	1	0.0627056562132573
2201	2	0.02235858612722552
2201	3	6.649677534049658E-4
2201	4	0.02889989358002154
2201	5	0.048881168433656086
2201	6	0.07950574105440822
2201	7	0.07206830257752728
2201	8	0.04232417452904613
2201	9	0.19171832880290296
2201	10-14	0.07709774713346462
2201	15-19	0.023249244370866506
2201	20-24	0.010221014839988385
2201	25-29	0.05638211951742278
2201	30-34	0.038041983508403376
2201	35-39	0.0474719976892608
2201	40-44	0.04024278397318426
2201	45-49	0.037150305466671085
2201	50-54	0.04118658302827072
2201	55-59	0.04222935590651744
2201	60-64	0.03737240067856362
2201	65-69	0.06797025672246093
2201	70-74	0.0528969050382031
2201	75-79	0.09204462948013514
2201	80-84	0.11772123272618629
2201	85-89	0.11443080387547155
2201	90-94	0.13788383977937357
2201	95-99	0.14646183102879107
2201	100-104	0.12197949090067084
2201	105-109	0.1556489837581907
2201	110-114	0.1427254916621301
2201	115-119	0.17153328091016107
2201	120-124	0.16506653104097424
2201	125-129	0.15667273687593664
2201	130-134	0.17515103281884947
2201	135-139	0.17927363432857746
2201	140-144	0.1710565652776559
2201	145-148	0.12324738342830344
2202	1	-0.0050902573183329025
2202	2	0.0010643247944237544
2202	3	-0.05104845888806864
2202	4	-0.019205919562427454
2202	5	0.019995645193013445
2202	6	9.283711319163501E-4
2202	7	0.020954066679944816
2202	8	0.02407898025501609
2202	9	0.09798523385158475
2202	10-14	0.022671250229095108
2202	15-19	-0.011746176296192345
2202	20-24	-0.0215045260906237
2202	25-29	-0.017115258559574187
2202	30-34	0.0174452533001741
2202	35-39	0.016880129214744244
2202	40-44	0.005311836244828783
2202	45-49	0.013074688355743547
2202	50-54	0.009081252970776887
2202	55-59	0.02483542069182576
2202	60-64	0.009467532282542379
2202	65-69	0.02550151674435952
2202	70-74	0.04046397527071832
2202	75-79	0.03926925207103338
2202	80-84	0.09049129594582084
2202	85-89	0.08655177326840757
2202	90-94	0.10594438054839017
2202	95-99	0.0988412781714807
2202	100-104	0.07120171086477711
2202	105-109	0.08083312343508098
2202	110-114	0.10176639073427651
2202	115-119	0.12406344550728932
2202	120-124	0.12829206196944298
2202	125-129	0.08932198884021858
2202	130-134	0.08179827008722995
2202	135-139	0.12533037301071914
2202	140-144	0.08271345818137021
2202	145-148	0.08324853451283687
2203	1	0.0025408987265116423
2203	2	-0.0047919575968116135
2203	3	-0.047516759662183716
2203	4	2.217122637233615E-4
2203	5	0.012029507224784908
2203	6	-0.0456648937363795
2203	7	-0.04603131877474809
2203	8	-0.027307195591763644
2203	9	0.01643853808694473
2203	10-14	0.002609441751932451
2203	15-19	-0.048262317683146705
2203	20-24	-0.0107580240341143
2203	25-29	0.005065662143188376
2203	30-34	0.005447409674868453
2203	35-39	-0.028221560693065584
2203	40-44	-0.001808427741831764
2203	45-49	0.006760499447562296
2203	50-54	-0.010587341980780707
2203	55-59	0.011008531499658858
2203	60-64	-0.027559262739835333
2203	65-69	-0.02616132213742972
2203	70-74	0.0049256020919372645
2203	75-79	-0.02718064420812283
2203	80-84	-0.04477059953094553
2203	85-89	0.03830603356160367
2203	90-94	0.07859025311889667
2203	95-99	0.011575976664353504
2203	100-104	0.09804000407198288
2203	105-109	-0.005050962207324261
2203	110-114	0.07231739300528517
2203	115-119	0.10950261020581209
2203	120-124	0.08877464196019602
2203	125-129	0.07578658816702344
2203	130-134	0.10528547035036695
2203	135-139	0.12179875533697881
2203	140-144	0.09729667592654323
2203	145-148	0.0975502731712865
2204	1	-0.042195713613192964
2204	2	-1.4083191977576348E-4
2204	3	-0.042391430590310364
2204	4	-0.04714654926977602
2204	5	-0.021149617977190616
2204	6	0.018917685049704147
2204	7	-0.01484711455088572
2204	8	0.04421035159806763
2204	9	0.1091921225569692
2204	10-14	0.05246639006384868
2204	15-19	0.0054854808353681506
2204	20-24	-0.006515895203197175
2204	25-29	0.025939313070022507
2204	30-34	0.04445370674924476
2204	35-39	0.045664182562521916
2204	40-44	0.017060379365666734
2204	45-49	0.007749665372994485
2204	50-54	0.016856078350379278
2204	55-59	0.04790157695147812
2204	60-64	0.06942637062556756
2204	65-69	0.03493031752697462
2204	70-74	0.05979423303422493
2204	75-79	0.07445121199379656
2204	80-84	0.06746517361002091
2204	85-89	0.062489562798798914
2204	90-94	0.09720033531086614
2204	95-99	0.10589335851719639
2204	100-104	0.07206098118999904
2204	105-109	0.10192785264544924
2204	110-114	0.0863766091815954
2204	115-119	0.12242799483531641
2204	120-124	0.1130859295645692
2204	125-129	0.13722184078873667
2204	130-134	0.07625116977025925
2204	135-139	0.06417231861020056
2204	140-144	0.11897381465095336
2204	145-148	0.0878401447375623
2205	1	-3.773678388121482E-4
2205	2	-0.06489344571089362
2205	3	-0.03577262667658587
2205	4	-0.0034645967907316333
2205	5	-0.019727534610865405
2205	6	-0.01614049566631337
2205	7	0.033640991751347826
2205	8	-0.010116141227879183
2205	9	0.06437309521145451
2205	10-14	0.03368331622656129
2205	15-19	-0.00972218742547426
2205	20-24	-7.377223064608529E-5
2205	25-29	0.03124947452329252
2205	30-34	0.010529513306803295
2205	35-39	-0.006029811360892978
2205	40-44	0.0191640275669549
2205	45-49	0.006656022917102433
2205	50-54	-0.013133983493844426
2205	55-59	-0.015242505890448399
2205	60-64	0.009472150468013751
2205	65-69	0.00824745735889465
2205	70-74	0.03323586449036853
2205	75-79	0.04353271656784585
2205	80-84	0.039232680798924946
2205	85-89	0.050064145574012286
2205	90-94	0.0614660588995406
2205	95-99	0.0854698408854766
2205	100-104	0.08346668440799832
2205	105-109	0.08516677113579263
2205	110-114	0.054698356070776555
2205	115-119	0.08184780512968004
2205	120-124	0.07895074411889524
2205	125-129	0.10850432917047925
2205	130-134	0.11100310252503576
2205	135-139	0.041935536317890154
2205	140-144	0.042208079611420146
2205	145-148	0.03826431501815719
2206	1	-0.012044317006136396
2206	2	-0.03678402678393411
2206	3	-0.006981621915219449
2206	4	0.010980579753379516
2206	5	0.03855185154079521
2206	6	0.03505405391954852
2206	7	0.058021356065449226
2206	8	0.023166421359068323
2206	9	0.07340749334772312
2206	10-14	0.02168332082176505
2206	15-19	0.00925509837297156
2206	20-24	0.009006353205911921
2206	25-29	0.011485729456477856
2206	30-34	0.020405618116981827
2206	35-39	0.016485905405932755
2206	40-44	-0.005280037571033347
2206	45-49	0.016977947697760953
2206	50-54	-0.009399974199922667
2206	55-59	-0.008123725792351877
2206	60-64	0.009481891534175446
2206	65-69	0.0054663558131693435
2206	70-74	0.01601597102029828
2206	75-79	0.026712936648912944
2206	80-84	0.05340385866116293
2206	85-89	0.06374847984038112
2206	90-94	0.06096096054415412
2206	95-99	0.08151446889923264
2206	100-104	0.07875559919509811
2206	105-109	0.07417702543964211
2206	110-114	0.08816015732920945
2206	115-119	0.10620500778057362
2206	120-124	0.11352280606117304
2206	125-129	0.059393863776016076
2206	130-134	0.07800349614066349
2206	135-139	0.08838169542239172
2206	140-144	0.10977798178474885
2206	145-148	0.10188294749811178
2207	1	-0.02650443087002685
2207	2	-0.035821133036606057
2207	3	-0.03022850658612697
2207	4	-0.031237881474606155
2207	5	-0.020573442104460327
2207	6	-0.02882634979941301
2207	7	-0.021722070742352884
2207	8	-0.02782274931251294
2207	9	0.06107139889422797
2207	10-14	-0.028189563410492724
2207	15-19	-0.03959730803789796
2207	20-24	-0.032136602935558756
2207	25-29	-0.04698433978418137
2207	30-34	-0.032732494454503325
2207	35-39	-0.02077609824520721
2207	40-44	-0.012282365641482329
2207	45-49	-0.029893475918466805
2207	50-54	-0.01895851019199668
2207	55-59	-0.019199285838396918
2207	60-64	-0.03107893061443434
2207	65-69	0.008175062664800947
2207	70-74	-0.020185258244758586
2207	75-79	0.0018037727038517914
2207	80-84	0.018101331054349856
2207	85-89	0.016089271874474065
2207	90-94	0.02353355291900172
2207	95-99	0.021799985903722785
2207	100-104	0.033407884204049054
2207	105-109	5.306783127174697E-4
2207	110-114	-0.0013487204099220662
2207	115-119	0.033519868992716084
2207	120-124	0.03574120084473975
2207	125-129	0.06049111797432971
2207	130-134	0.0401062198378348
2207	135-139	0.06255799780711868
2207	140-144	0.046064245473537824
2207	145-148	-5.296277520621118E-4
2208	1	-0.00835599724774383
2208	2	-0.03649132585498904
2208	3	-0.0061944518930445724
2208	4	-0.0010801518439009783
2208	5	0.009288331656978954
2208	6	0.04340138958077233
2208	7	0.004060824524739104
2208	8	0.006539512021426219
2208	9	0.07199898003436545
2208	10-14	0.024597040471448395
2208	15-19	0.012735404995140698
2208	20-24	-0.006716583999502035
2208	25-29	-0.005632452638963059
2208	30-34	0.008210197803354191
2208	35-39	0.0036242342630679047
2208	40-44	-0.013556988004673087
2208	45-49	-0.004150853416703626
2208	50-54	0.0038874674578970314
2208	55-59	0.0032664950403571424
2208	60-64	0.016138257409664902
2208	65-69	0.011665293156088552
2208	70-74	0.04406023524374092
2208	75-79	0.04497013365925184
2208	80-84	0.007393005671467279
2208	85-89	0.013922079575579005
2208	90-94	0.019068790326599583
2208	95-99	0.04506112488522973
2208	100-104	0.04466839116084742
2208	105-109	0.09729754085936904
2208	110-114	0.07359290357490167
2208	115-119	0.07881478231989902
2208	120-124	0.05831961332155089
2208	125-129	0.034772929034840416
2208	130-134	0.07748824086782236
2208	135-139	0.05366711928035883
2208	140-144	0.08430292434688269
2208	145-148	0.05249004018635972
2209	1	-0.02174578915656511
2209	2	-0.021722041935785086
2209	3	0.015707029500852343
2209	4	0.004612325738104772
2209	5	-0.03863846490037304
2209	6	0.0013538555318319823
2209	7	0.00609637805595753
2209	8	0.007629597850083769
2209	9	-0.056294735819303554
2209	10-14	0.013085942567730768
2209	15-19	0.01988181019732238
2209	20-24	0.019570417792593275
2209	25-29	0.031227530020451866
2209	30-34	-0.009284264830252908
2209	35-39	0.006235101665421183
2209	40-44	0.003362005644127919
2209	45-49	0.0054298686540938945
2209	50-54	0.015720630659195933
2209	55-59	-0.0010982174366382935
2209	60-64	0.01676850251254791
2209	65-69	0.028031082973271282
2209	70-74	0.02373588527589021
2209	75-79	0.04214492779649959
2209	80-84	0.05198161077633401
2209	85-89	0.04051912732851903
2209	90-94	0.03055566493691586
2209	95-99	0.07194965742765547
2209	100-104	0.03824478693635314
2209	105-109	0.06098320283799907
2209	110-114	0.055188396178834864
2209	115-119	0.05253760496626825
2209	120-124	0.04574741902290569
2209	125-129	0.061349981174270596
2209	130-134	0.09817843153679462
2209	135-139	0.08769777589966665
2209	140-144	0.11006591166599833
2209	145-148	0.10671605785814009
2210	1	0.003655973385672695
2210	2	-0.018089436982162255
2210	3	-0.006712790309681083
2210	4	0.007774863242893559
2210	5	-0.005964737354783978
2210	6	0.012125984786464983
2210	7	0.02101812122803537
2210	8	0.008789485468334135
2210	9	0.05123871863407459
2210	10-14	0.022348280630701822
2210	15-19	0.021608733708539773
2210	20-24	0.016697750745869655
2210	25-29	0.036776022694390065
2210	30-34	0.01912520231088166
2210	35-39	0.004338298829175358
2210	40-44	0.014760576388169966
2210	45-49	0.013793450702603849
2210	50-54	0.0011927990139746214
2210	55-59	0.03153318035816355
2210	60-64	0.025985623875456554
2210	65-69	0.012640235696121493
2210	70-74	0.016621369080077386
2210	75-79	0.008557195901609305
2210	80-84	0.0013080662831441714
2210	85-89	0.041441542152025335
2210	90-94	0.04900973181537793
2210	95-99	0.04332467147113661
2210	100-104	0.06142449509981418
2210	105-109	0.05214715669402281
2210	110-114	0.047869887787950205
2210	115-119	0.044766393632830415
2210	120-124	0.045756660443398545
2210	125-129	0.06472379142055118
2210	130-134	0.07949952986378506
2210	135-139	0.06672661790047485
2210	140-144	0.05562643215527174
2210	145-148	0.0276114115671362
2211	1	-0.012728719493800611
2211	2	-0.012417877041947634
2211	3	-0.016020692917887658
2211	4	-0.026945054750584063
2211	5	-0.015372868776456272
2211	6	-0.028825041893902892
2211	7	-0.042464689862455884
2211	8	-0.06028269731404379
2211	9	-0.03129876179520252
2211	10-14	-0.023731742400336486
2211	15-19	-0.021633705684184434
2211	20-24	-0.018291892723286907
2211	25-29	-0.050816007049167666
2211	30-34	-0.021222876983259198
2211	35-39	0.007643878312133978
2211	40-44	-0.034366285528005136
2211	45-49	-0.0222340126621674
2211	50-54	0.0038994247330847998
2211	55-59	-0.01937052713838483
2211	60-64	-0.014548251665026157
2211	65-69	-0.023866403792524693
2211	70-74	-0.014509251861618111
2211	75-79	-0.04201405092243249
2211	80-84	-0.07004064421204959
2211	85-89	-0.041183620095445406
2211	90-94	-0.0456091319456533
2211	95-99	-0.013481431885644213
2211	100-104	0.008938099953546441
2211	105-109	-0.007340707837268923
2211	110-114	-0.028988458937362793
2211	115-119	-0.02539825623768266
2211	120-124	-0.05200414728992442
2211	125-129	-0.00695877559451219
2211	130-134	-0.007277289245266161
2211	135-139	-0.023624140356883316
2211	140-144	-6.866524693407428E-4
2211	145-148	-0.026508426038827082
2212	1	-0.010593805671998524
2212	2	-0.010471867537230395
2212	3	-1.1307703928764568E-7
2212	4	0.0051236242038861235
2212	5	-0.014225259048373573
2212	6	-0.016032322010332223
2212	7	-0.012081572046259481
2212	8	0.011960412016854605
2212	9	-0.042276807960163865
2212	10-14	-0.01767241666568964
2212	15-19	-0.048845843524148336
2212	20-24	0.005049447685724573
2212	25-29	-0.024330868857799004
2212	30-34	-0.003435138099856516
2212	35-39	-0.01448260826370884
2212	40-44	-0.03205449104723357
2212	45-49	-0.011738321063941015
2212	50-54	-0.04337403398615436
2212	55-59	-0.008000449712881164
2212	60-64	-0.019614255849013773
2212	65-69	-0.010224791808749245
2212	70-74	-0.034743181050341576
2212	75-79	-0.026645281816577437
2212	80-84	-0.04321349516247963
2212	85-89	-0.046880417834440635
2212	90-94	-0.032939558913810174
2212	95-99	-0.031785988855794756
2212	100-104	-0.02887041945154678
2212	105-109	-0.043535757694236565
2212	110-114	-0.07325774381879313
2212	115-119	-0.07354303544752128
2212	120-124	-0.0714935180565135
2212	125-129	-0.06203829869165389
2212	130-134	-0.07330272189657805
2212	135-139	-0.01963765515106175
2212	140-144	-0.02517683190298925
2212	145-148	-0.030152305805000168
2213	1	-0.05050140345700527
2213	2	-0.018428283351379804
2213	3	-0.025488596576213496
2213	4	-0.019460019735305423
2213	5	-0.037485688280494145
2213	6	-0.01640056298744952
2213	7	-0.04300158273671073
2213	8	-0.040412562775728134
2213	9	-0.1294703683358236
2213	10-14	-0.04043293204016862
2213	15-19	-0.0347606475634592
2213	20-24	-0.010466669602433143
2213	25-29	-0.016822313456071214
2213	30-34	0.002972114722062713
2213	35-39	-0.021690211438144757
2213	40-44	-0.020837901007432436
2213	45-49	-0.017652165318480684
2213	50-54	-0.014118606061742867
2213	55-59	-0.043086559267152325
2213	60-64	-0.01815623379734177
2213	65-69	-0.030426515657026698
2213	70-74	-4.6139236753006685E-4
2213	75-79	-0.015579906002301414
2213	80-84	-0.017548067706496084
2213	85-89	-0.02889920439605831
2213	90-94	-0.022477003052156164
2213	95-99	-0.005628555428639714
2213	100-104	-0.03098625389884191
2213	105-109	-0.03266613389935458
2213	110-114	-0.0231749255767717
2213	115-119	-0.010610832873016562
2213	120-124	-0.01698840658502121
2213	125-129	-0.017050707144182553
2213	130-134	-0.012348359383246077
2213	135-139	0.008962702735800576
2213	140-144	0.020909987270140817
2213	145-148	0.032387792434192875
2214	1	-0.05117102241264959
2214	2	-0.04992176985567909
2214	3	-0.0050722633181443655
2214	4	-0.02335273572344576
2214	5	-0.011587438021841479
2214	6	-0.0462366849038105
2214	7	-0.1771659689736822
2214	8	-0.07583113756814797
2214	9	-0.1843256607179562
2214	10-14	-0.08868455666266328
2214	15-19	-0.01923890169318554
2214	20-24	0.005257413399625932
2214	25-29	-0.02790228753706714
2214	30-34	-0.055862608565647065
2214	35-39	-0.028577511009835632
2214	40-44	-0.04553948602247715
2214	45-49	-0.024081380547620768
2214	50-54	-0.01499533106975548
2214	55-59	-0.030788318407701354
2214	60-64	-0.03717318263581504
2214	65-69	-0.024892822749457366
2214	70-74	-0.02965334371309325
2214	75-79	-0.04799771993948454
2214	80-84	-0.0646156228249275
2214	85-89	-0.054032378723992025
2214	90-94	-0.04918325618521635
2214	95-99	-0.09787242711521671
2214	100-104	-0.11347084652647155
2214	105-109	-0.10188527697542682
2214	110-114	-0.08968234093290306
2214	115-119	-0.12207454602682333
2214	120-124	-0.11725251862356956
2214	125-129	-0.09920738897513459
2214	130-134	-0.11080625941472988
2214	135-139	-0.11016384376845068
2214	140-144	-0.10712180715277597
2214	145-148	-0.03559960983627164
2215	1	-0.019698364688050418
2215	2	-0.027483998144166577
2215	3	-0.025779456989731386
2215	4	-0.04451345907572346
2215	5	-0.05654878756461201
2215	6	-0.08143812232136938
2215	7	-0.061957509564742
2215	8	-0.0635773461949718
2215	9	-0.24743812225960227
2215	10-14	-0.060541592793075694
2215	15-19	-0.044330501128424515
2215	20-24	-0.014120342066117786
2215	25-29	-0.02270893093294646
2215	30-34	-0.021660418868602704
2215	35-39	-0.030820778815499494
2215	40-44	-0.032993996142266724
2215	45-49	-0.014786428599524726
2215	50-54	-0.04489679475678798
2215	55-59	-0.06383392452078596
2215	60-64	-0.06661589909899135
2215	65-69	-0.03710581446112826
2215	70-74	-0.03512818928209427
2215	75-79	-0.06471372262066666
2215	80-84	-0.0995202863785778
2215	85-89	-0.0943268883499151
2215	90-94	-0.11307997330963815
2215	95-99	-0.11227042383340446
2215	100-104	-0.1093939249575655
2215	105-109	-0.1042146812935556
2215	110-114	-0.11707878368550695
2215	115-119	-0.09852215283541454
2215	120-124	-0.14144788782558493
2215	125-129	-0.10882122326599486
2215	130-134	-0.12149932244548012
2215	135-139	-0.15052237892953713
2215	140-144	-0.1376890877419541
2215	145-148	-0.061165176454309744
2216	1	-0.026892723272649022
2216	2	0.01678022201949858
2216	3	0.01528319069565498
2216	4	0.020870606103319034
2216	5	-0.00292050506440944
2216	6	0.001802065938740327
2216	7	-0.024877732763563642
2216	8	-0.030997687880699232
2216	9	-0.1976058087068644
2216	10-14	-0.0456819152314587
2216	15-19	0.02490736616805833
2216	20-24	0.01724781323191138
2216	25-29	-0.02299692383314067
2216	30-34	-0.013697998631730712
2216	35-39	-0.03183724601880655
2216	40-44	-0.028392108531836158
2216	45-49	-0.033300840547600075
2216	50-54	-0.034969177732111945
2216	55-59	-0.03764883472913283
2216	60-64	-0.04608499142370448
2216	65-69	-0.0610846583233382
2216	70-74	-0.06006407618712828
2216	75-79	-0.10026861021133371
2216	80-84	-0.1258224277743878
2216	85-89	-0.16479759801590177
2216	90-94	-0.20259705578063247
2216	95-99	-0.20761873573599487
2216	100-104	-0.17486258090007567
2216	105-109	-0.20427277863564441
2216	110-114	-0.21869115576242848
2216	115-119	-0.21500765102637232
2216	120-124	-0.242443900275628
2216	125-129	-0.29598463468984804
2216	130-134	-0.3126706871218552
2216	135-139	-0.3546598094539597
2216	140-144	-0.348126869506153
2216	145-148	-0.2134070551998981
>>END_MODULE
>>Per sequence quality scores	pass
#Quality	Count
2	3017.0
3	249.0
4	189.0
5	172.0
6	212.0
7	329.0
8	567.0
9	1117.0
10	2079.0
11	3745.0
12	6492.0
13	11644.0
14	20348.0
15	28202.0
16	32067.0
17	34689.0
18	37562.0
19	40919.0
20	46886.0
21	53935.0
22	63988.0
23	78264.0
24	99916.0
25	136821.0
26	201870.0
27	337456.0
28	753576.0
29	5132903.0
30	2903076.0
>>END_MODULE
>>Per base sequence content	pass
#Base	G	A	T	C
1	17.259123100094104	32.948376993688996	30.10876444958101	19.683735456635894
2	18.546748915184683	32.737959465054175	30.42927538715193	18.28601623260922
3	18.507358812393022	31.380079274066418	30.809240968068362	19.303320945472198
4	19.147571305504663	30.720085957184022	30.726001998285046	19.406340739026266
5	19.685441778816852	30.990462059074364	30.638127562465577	18.685968599643207
6	19.834745521864907	31.064960007658428	29.739463930108883	19.360830540367786
7	19.783650569313576	30.860243221841284	30.35036745139597	19.00573875744917
8	19.24311268380619	30.92472130543353	30.43781227682048	19.394353733939802
9	19.244081413520473	30.55354349364326	30.813664541769743	19.38871055106653
10-14	19.235026154302858	30.77382174509135	30.625807646288244	19.365344454317544
15-19	19.33900390952818	30.59408227559302	30.62419867755072	19.442715137328083
20-24	19.502247789240315	30.391392079741568	30.492649740452084	19.613710390566034
25-29	19.70086806476562	30.298206552586667	30.295470291826597	19.705455090821122
30-34	19.892969717893237	30.196294017070002	30.154213724983414	19.756522540053346
35-39	19.94199057539099	30.121397623140794	30.08966107931853	19.846950722149685
40-44	20.00729300184694	30.086413475420255	30.0258823597619	19.880411162970905
45-49	20.00987024214825	30.03639689305248	29.99911389097834	19.95461897382093
50-54	20.014329302261885	30.03667616647818	29.985996045176645	19.96299848608329
55-59	20.07413764163812	30.020045019352022	29.93378003281908	19.972037306190778
60-64	20.045861076899392	30.014637537525978	29.91677130641726	20.022730079157366
65-69	20.06639080747109	30.01214163674446	29.8989103494251	20.022557206359348
70-74	20.101557419647083	29.998491624139547	29.873665846367313	20.02628510984606
75-79	20.100836471637702	29.972649596121727	29.878388045784515	20.048125886456056
80-84	20.132116582702096	29.986568935275056	29.855509423392768	20.02580505863008
85-89	20.08775729039153	29.980876779149252	29.85900370453656	20.07236222592266
90-94	20.071162319764426	29.94072411510344	29.874660688187017	20.113452876945125
95-99	20.09190270110474	29.95718730793372	29.845455727003976	20.10545426395756
100-104	20.085844852167085	29.94680709451724	29.8556758036728	20.111672249642872
105-109	20.068855151345844	29.968774924085306	29.868580766760584	20.09378915780827
110-114	20.051498967494872	29.997492506202374	29.847910926522275	20.10309759978048
115-119	20.071627719119515	29.99148207649252	29.84862852188206	20.088261682505905
120-124	20.05519015748063	29.985612701974755	29.85326161653752	20.105935524007094
125-129	20.029415694867676	30.010481061850523	29.81957744200603	20.14052580127577
130-134	20.022931265581008	30.014147176246325	29.806268783488527	20.15665277468414
135-139	20.007970946114412	30.037737209392425	29.804436128504157	20.14985571598901
140-144	20.005131222639783	30.03909482869571	29.834677817752258	20.121096130912246
145-148	20.034035047542602	30.0730024412526	29.80087932121029	20.092083189994504
>>END_MODULE
>>Per sequence GC content	warn
#GC Content	Count
0	5374.0
1	4042.5
2	2661.0
3	2621.5
4	2704.0
5	2705.0
6	2658.5
7	2720.0
8	2813.0
9	2933.0
10	3135.0
11	3376.0
12	3748.0
13	4250.0
14	5114.5
15	6756.5
16	9091.5
17	12962.0
18	19207.5
19	27794.0
20	39467.0
21	54168.0
22	71488.0
23	91669.0
24	114436.0
25	140540.5
26	169192.5
27	197744.0
28	227458.5
29	257431.0
30	285279.0
31	312273.5
32	336783.0
33	359209.5
34	379434.0
35	396974.0
36	412163.5
37	422010.5
38	424954.0
39	419388.5
40	405295.5
41	383211.0
42	355681.0
43	327105.5
44	299491.5
45	275843.0
46	256995.0
47	241486.0
48	229237.0
49	217947.0
50	204723.0
51	189805.5
52	174097.0
53	159768.5
54	147100.0
55	134703.0
56	123879.0
57	113693.0
58	102209.0
59	89333.5
60	75951.5
61	63337.0
62	52208.5
63	42953.5
64	35314.0
65	28938.0
66	23964.5
67	19771.0
68	16009.0
69	13037.5
70	10622.0
71	8699.0
72	7182.5
73	5888.0
74	4883.5
75	4114.0
76	3580.5
77	3152.5
78	2811.5
79	2531.5
80	2187.0
81	1891.5
82	1636.0
83	1402.5
84	1190.0
85	1009.5
86	805.5
87	616.0
88	487.5
89	394.5
90	357.5
91	344.0
92	353.0
93	390.0
94	426.0
95	468.5
96	530.0
97	556.0
98	538.5
99	486.5
100	451.5
>>END_MODULE
>>Per base N content	pass
#Base	N-Count
1	0.09132511121588391
2	0.05909916878399648
3	0.057893063298608785
4	0.08667014211112319
5	0.07983222175595003
6	0.04106739338675417
7	0.04147607375783595
8	0.039153573112419994
9	0.0386950536716941
10-14	0.03908379841491823
15-19	0.038551517151119034
20-24	0.03801923588731984
25-29	0.03993106259886826
30-34	0.039666120844461736
35-39	0.039087637009884615
40-44	0.04058083571781797
45-49	0.04106145829573149
50-54	0.04120303495935824
55-59	0.042773601404465664
60-64	0.043380609849221825
65-69	0.043630036695100204
70-74	0.043318188046948036
75-79	0.04321656193016398
80-84	0.046032869484029224
85-89	0.04328426899494811
90-94	0.045680727576123965
95-99	0.04744712498175574
100-104	0.04741279819799234
105-109	0.04587447645836589
110-114	0.04499969350800137
115-119	0.04639200808985998
120-124	0.04518502693095492
125-129	0.045460220358948145
130-134	0.045120788743121414
135-139	0.045882007480430254
140-144	0.04551847029981574
145-148	0.060882435289377604
>>END_MODULE
>>Sequence Length Distribution	warn
#Length	Count
30-34	11182.0
35-39	9382.0
40-44	8116.0
45-49	7193.0
50-54	7053.0
55-59	5661.0
60-64	5521.0
65-69	4935.0
70-74	4515.0
75-79	3589.0
80-84	2307.0
85-89	1865.0
90-94	1270.0
95-99	928.0
100-104	603.0
105-109	266.0
110-114	128.0
115-119	47.0
120-124	11.0
125-129	2.0
130-134	0.0
135-139	0.0
140-144	0.0
145-149	9957716.0
>>END_MODULE
>>Sequence Duplication Levels	pass
#Total Deduplicated Percentage	99.29639533428256
#Duplication Level	Percentage of deduplicated	Percentage of total
1	99.61903373425116	98.91810956495434
2	0.27417339197105556	0.5444885903859829
3	0.04846637398849775	0.14437608695943183
4	0.02094815103181659	0.08320303545510077
5	0.012118149004852561	0.060164425715279135
6	0.007740595031630458	0.046116791063001684
7	0.005778762023468154	0.040166716689752274
8	0.0026059121369584803	0.020700614540626747
9	0.0020950656196142992	0.018722921761483657
>10	0.006908153185299929	0.09100298468865722
>50	1.0881617962011592E-4	0.006719097509844307
>100	1.2845225403255192E-5	0.0019387365612953868
>500	0.0	0.0
>1k	1.0050350608954835E-5	0.024290433715245318
>5k	0.0	0.0
>10k+	0.0	0.0
>>END_MODULE
>>Overrepresented sequences	pass
>>END_MODULE
>>Adapter Content	pass
#Position	Illumina Universal Adapter	Illumina Small RNA 3' Adapter	Illumina Small RNA 5' Adapter	Nextera Transposase Sequence	SOLID Small RNA Adapter
1	0.0	0.0	0.0	9.967813928823828E-6	0.0
2	0.0	0.0	0.0	9.967813928823828E-6	0.0
3	0.0	0.0	0.0	1.9935627857647656E-5	0.0
4	2.9903441786471485E-5	0.0	0.0	6.97746975017668E-5	0.0
5	2.9903441786471485E-5	0.0	0.0	6.97746975017668E-5	0.0
6	4.983906964411914E-5	9.967813928823828E-6	0.0	8.971032535941445E-5	0.0
7	5.980688357294297E-5	9.967813928823828E-6	0.0	8.971032535941445E-5	0.0
8	8.971032535941445E-5	9.967813928823828E-6	0.0	8.971032535941445E-5	0.0
9	8.971032535941445E-5	9.967813928823828E-6	0.0	9.967813928823828E-5	0.0
10-11	8.971032535941445E-5	9.967813928823828E-6	0.0	1.046620462526502E-4	0.0
12-13	9.967813928823828E-5	9.967813928823828E-6	0.0	1.395493950035336E-4	0.0
14-15	1.0964595321706211E-4	9.967813928823828E-6	0.0	1.5450111589676932E-4	0.0
16-17	1.6446892982559317E-4	9.967813928823828E-6	0.0	1.8938846464765273E-4	0.0
18-19	2.1929190643412422E-4	9.967813928823828E-6	0.0	1.9935627857647656E-4	0.0
20-21	3.4388958054442205E-4	9.967813928823828E-6	0.0	2.2427581339853615E-4	0.0
22-23	4.983906964411914E-4	9.967813928823828E-6	0.0	2.6414706911383147E-4	0.0
24-25	6.279722775159012E-4	9.967813928823828E-6	0.0	2.790987900070672E-4	0.0
26-27	7.126986959109037E-4	9.967813928823828E-6	0.0	2.790987900070672E-4	0.0
28-29	7.774894864482585E-4	9.967813928823828E-6	0.0	2.840826969714791E-4	0.0
30-31	8.622159048432611E-4	9.967813928823828E-6	0.0	3.239539526867744E-4	0.0
32-33	9.81829671989147E-4	9.967813928823828E-6	0.0	3.7877692929530547E-4	0.0
34-35	0.0011263629739570926	9.967813928823828E-6	0.0	4.08680371081777E-4	0.0
36-37	0.0013157514386047454	9.967813928823828E-6	0.0	4.3858381286824845E-4	0.0
38-39	0.0014154295778929836	9.967813928823828E-6	0.0	4.4356771983266035E-4	0.0
40-41	0.001564946786825341	9.967813928823828E-6	0.0	4.784550685835437E-4	9.967813928823828E-6
42-43	0.0016646249261135792	9.967813928823828E-6	0.0	4.934067894767795E-4	9.967813928823828E-6
44-45	0.0018390616698679963	9.967813928823828E-6	0.0	4.983906964411914E-4	9.967813928823828E-6
46-47	0.002172983436483595	1.4951720893235741E-5	0.0	5.18326324298839E-4	9.967813928823828E-6
48-49	0.002387291435953307	1.9935627857647656E-5	0.0	5.432458591208986E-4	9.967813928823828E-6
50-51	0.002591631621494195	1.9935627857647656E-5	0.0	5.731493009073701E-4	9.967813928823828E-6
52-53	0.002880698225430086	1.9935627857647656E-5	0.0	5.781332078717821E-4	9.967813928823828E-6
54-55	0.003134877480615094	1.9935627857647656E-5	0.0	6.030527426938415E-4	1.4951720893235741E-5
56-57	0.003364137200978042	1.9935627857647656E-5	0.0	6.229883705514893E-4	2.491953482205957E-5
58-59	0.003608348642234226	2.491953482205957E-5	0.0	6.628596262667845E-4	2.9903441786471485E-5
60-61	0.003927318687956588	2.9903441786471485E-5	0.0	6.678435332311965E-4	3.987125571529531E-5
62-63	0.0042761921754654215	3.48873487508834E-5	0.0	6.728274401956085E-4	4.983906964411914E-5
64-65	0.004575226593330137	3.987125571529531E-5	0.0	7.027308819820799E-4	4.983906964411914E-5
66-67	0.004924100080838971	3.987125571529531E-5	0.0	7.176826028753156E-4	4.983906964411914E-5
68-69	0.005362683893707219	3.987125571529531E-5	0.0	7.326343237685513E-4	4.983906964411914E-5
70-71	0.0058311711483619395	3.987125571529531E-5	0.0	7.625377655550228E-4	4.983906964411914E-5
72-73	0.0063494974726607785	3.987125571529531E-5	0.0	7.874573003770825E-4	4.983906964411914E-5
74-75	0.006987437564105504	3.987125571529531E-5	0.0	8.223446491279658E-4	5.4822976608531056E-5
76-77	0.007675216725194348	3.987125571529531E-5	0.0	8.323124630567896E-4	6.479079053735488E-5
78-79	0.008432770583784959	3.987125571529531E-5	0.0	8.522480909144373E-4	6.97746975017668E-5
80-81	0.009260099139877336	3.987125571529531E-5	0.0	8.821515327009088E-4	6.97746975017668E-5
82-83	0.010217009277044425	3.987125571529531E-5	0.0	8.871354396653207E-4	6.97746975017668E-5
84-85	0.011388227413681222	3.987125571529531E-5	0.0	8.871354396653207E-4	6.97746975017668E-5
86-87	0.01288838340996921	3.987125571529531E-5	0.0	9.070710675229683E-4	6.97746975017668E-5
88-89	0.01450316926643867	3.987125571529531E-5	0.0	9.220227884162041E-4	6.97746975017668E-5
90-91	0.0161478585646946	4.4855162679707226E-5	0.0	9.369745093094398E-4	6.97746975017668E-5
92-93	0.017752676607235236	4.983906964411914E-5	0.0	9.469423232382636E-4	6.97746975017668E-5
94-95	0.019626625625854117	4.983906964411914E-5	4.983906964411914E-6	9.917974859179708E-4	6.97746975017668E-5
96-97	0.02184944813198183	4.983906964411914E-5	9.967813928823828E-6	0.0010017652998467947	6.97746975017668E-5
98-99	0.02432644989329455	4.983906964411914E-5	9.967813928823828E-6	0.0010217009277044423	6.97746975017668E-5
100-101	0.027082550444614342	4.983906964411914E-5	9.967813928823828E-6	0.0010466204625265017	6.97746975017668E-5
102-103	0.030317106064517672	4.983906964411914E-5	9.967813928823828E-6	0.0010864917182417974	6.97746975017668E-5
104-105	0.034239440845509846	5.980688357294297E-5	9.967813928823828E-6	0.0011114112530638568	6.97746975017668E-5
106-107	0.038744892741338216	5.980688357294297E-5	9.967813928823828E-6	0.0011263629739570926	6.97746975017668E-5
108-109	0.04381851003110955	5.980688357294297E-5	9.967813928823828E-6	0.001161250322707976	6.97746975017668E-5
110-111	0.04912138704124382	6.479079053735488E-5	9.967813928823828E-6	0.001206105485387683	6.97746975017668E-5
112-113	0.05481300879460223	6.97746975017668E-5	9.967813928823828E-6	0.0012360089271741545	6.97746975017668E-5
114-115	0.06081363277975417	6.97746975017668E-5	9.967813928823828E-6	0.0012559445550318024	6.97746975017668E-5
116-117	0.06770637611153585	6.97746975017668E-5	9.967813928823828E-6	0.001265912368960626	6.97746975017668E-5
118-119	0.07507757451190107	6.97746975017668E-5	9.967813928823828E-6	0.0012908319037826857	6.97746975017668E-5
120-121	0.08368478183944045	6.97746975017668E-5	9.967813928823828E-6	0.001320735345569157	6.97746975017668E-5
122-123	0.09336352916432838	6.97746975017668E-5	9.967813928823828E-6	0.001325719252533569	6.97746975017668E-5
124-125	0.10405400960299194	6.97746975017668E-5	9.967813928823828E-6	0.0013506387873556285	6.97746975017668E-5
126-127	0.11532262324952727	6.97746975017668E-5	9.967813928823828E-6	0.0013655905082488643	6.97746975017668E-5
128-129	0.12782226191627236	6.97746975017668E-5	9.967813928823828E-6	0.001390510043070924	6.97746975017668E-5
130-131	0.14083025909338745	6.97746975017668E-5	9.967813928823828E-6	0.0014154295778929836	6.97746975017668E-5
132-133	0.15473037561713227	6.97746975017668E-5	9.967813928823828E-6	0.001435365205750631	6.97746975017668E-5
134-135	0.17039977911324333	7.475860446617871E-5	9.967813928823828E-6	0.0014702525545015146	6.97746975017668E-5
136-137	0.18738493404795914	8.472641839500254E-5	1.4951720893235741E-5	0.0014901881823591624	7.475860446617871E-5
>>END_MODULE
