1	249250621	56086328	202067
2	243199373	59739090	216398
3	198022430	45712119	163801
4	191154276	48688112	164180
5	180915260	42077625	147793
6	171115067	40039372	141122
7	159138663	37631741	132482
8	146364022	37369038	127870
9	141213431	29531365	103563
10	135534747	37885587	124025
11	135006516	31057715	111914
12	133851895	30467185	108090
13	115169878	22449455	78915
14	107349540	20567190	73439
15	102531392	18636052	67951
16	90354753	21263382	71890
17	81195210	18501803	67084
18	78077248	18279996	64874
19	59128983	13041998	44568
20	63025520	13564321	50466
21	48129895	9473922	34803
22	51304566	7586583	30521
X	155270560	35311221	122483
Y	59373566	2434003	11181
MT	16569	1504346	7311
GL000207.1	4262	0	0
GL000226.1	15008	0	0
GL000229.1	19913	0	0
GL000231.1	27386	0	0
GL000210.1	27682	0	0
GL000239.1	33824	0	0
GL000235.1	34474	0	0
GL000201.1	36148	0	0
GL000247.1	36422	0	0
GL000245.1	36651	0	0
GL000197.1	37175	0	0
GL000203.1	37498	0	0
GL000246.1	38154	0	0
GL000249.1	38502	0	0
GL000196.1	38914	0	0
GL000248.1	39786	0	0
GL000244.1	39929	0	0
GL000238.1	39939	0	0
GL000202.1	40103	0	0
GL000234.1	40531	0	0
GL000232.1	40652	0	0
GL000206.1	41001	0	0
GL000240.1	41933	0	0
GL000236.1	41934	0	0
GL000241.1	42152	0	0
GL000243.1	43341	0	0
GL000242.1	43523	0	0
GL000230.1	43691	0	0
GL000237.1	45867	0	0
GL000233.1	45941	0	0
GL000204.1	81310	0	0
GL000198.1	90085	0	0
GL000208.1	92689	0	0
GL000191.1	106433	0	0
GL000227.1	128374	0	0
GL000228.1	129120	0	0
GL000214.1	137718	0	0
GL000221.1	155397	0	0
GL000209.1	159169	0	0
GL000218.1	161147	0	0
GL000220.1	161802	0	0
GL000213.1	164239	0	0
GL000211.1	166566	0	0
GL000199.1	169874	0	0
GL000217.1	172149	0	0
GL000216.1	172294	0	0
GL000215.1	172545	0	0
GL000205.1	174588	0	0
GL000219.1	179198	0	0
GL000224.1	179693	0	0
GL000223.1	180455	0	0
GL000195.1	182896	0	0
GL000212.1	186858	0	0
GL000222.1	186861	0	0
GL000200.1	187035	0	0
GL000193.1	189789	0	0
GL000194.1	191469	0	0
GL000225.1	211173	0	0
GL000192.1	547496	0	0
ERCC-00002	1061	0	0
ERCC-00003	1023	0	0
ERCC-00004	523	0	0
ERCC-00007	1135	0	0
ERCC-00009	984	0	0
ERCC-00012	994	0	0
ERCC-00013	808	0	0
ERCC-00014	1957	0	0
ERCC-00016	844	0	0
ERCC-00017	1136	0	0
ERCC-00018	1026	0	0
ERCC-00019	644	0	0
ERCC-00022	751	0	0
ERCC-00023	273	0	0
ERCC-00024	536	0	0
ERCC-00025	1994	0	0
ERCC-00028	1130	0	0
ERCC-00031	1138	0	0
ERCC-00033	2022	0	0
ERCC-00034	1019	0	0
ERCC-00035	1130	0	0
ERCC-00039	740	0	0
ERCC-00040	744	0	0
ERCC-00041	1123	0	0
ERCC-00042	1023	0	0
ERCC-00043	1023	0	0
ERCC-00044	1156	0	0
ERCC-00046	522	0	0
ERCC-00048	992	0	0
ERCC-00051	274	0	0
ERCC-00053	1023	0	0
ERCC-00054	274	0	0
ERCC-00057	1021	0	0
ERCC-00058	1136	0	0
ERCC-00059	525	0	0
ERCC-00060	523	0	0
ERCC-00061	1136	0	0
ERCC-00062	1023	0	0
ERCC-00067	644	0	0
ERCC-00069	1137	0	0
ERCC-00071	642	0	0
ERCC-00073	603	0	0
ERCC-00074	522	0	0
ERCC-00075	1023	0	0
ERCC-00076	642	0	0
ERCC-00077	273	0	0
ERCC-00078	993	0	0
ERCC-00079	644	0	0
ERCC-00081	534	0	0
ERCC-00083	1023	0	0
ERCC-00084	994	0	0
ERCC-00085	844	0	0
ERCC-00086	1020	0	0
ERCC-00092	1124	0	0
ERCC-00095	521	0	0
ERCC-00096	1107	0	0
ERCC-00097	523	0	0
ERCC-00098	1143	0	0
ERCC-00099	1350	0	0
ERCC-00104	2022	0	0
ERCC-00108	1022	0	0
ERCC-00109	536	0	0
ERCC-00111	994	0	0
ERCC-00112	1136	0	0
ERCC-00113	840	0	0
ERCC-00116	1991	0	0
ERCC-00117	1136	0	0
ERCC-00120	536	0	0
ERCC-00123	1022	0	0
ERCC-00126	1119	0	0
ERCC-00128	1133	0	0
ERCC-00130	1059	0	0
ERCC-00131	771	0	0
ERCC-00134	274	0	0
ERCC-00136	1033	0	0
ERCC-00137	537	0	0
ERCC-00138	1022	0	0
ERCC-00142	493	0	0
ERCC-00143	784	0	0
ERCC-00144	538	0	0
ERCC-00145	1042	0	0
ERCC-00147	1023	0	0
ERCC-00148	494	0	0
ERCC-00150	743	0	0
ERCC-00154	537	0	0
ERCC-00156	494	0	0
ERCC-00157	1019	0	0
ERCC-00158	1021	0	0
ERCC-00160	743	0	0
ERCC-00162	523	0	0
ERCC-00163	543	0	0
ERCC-00164	1022	0	0
ERCC-00165	872	0	0
ERCC-00168	1024	0	0
ERCC-00170	1024	0	0
ERCC-00171	505	0	0
080418_Consensus_Vector_Sequence_NIST_SEQUENCING_ASSEMBLY_noRestrict_rev	2732	0	0
*	0	0	0
